0 0.0
1 0.0
2 0.0
3 0.0
4 0.0
5 0.0
6 0.5162969560637893
7 0.5685359688346646
8 0.5685374072084697
9 0.6345273646267824
10 0.6345277812045111
11 0.7283896267535336
12 0.7941895038072854
13 0.7941897250238482
14 0.8042250210464919
15 0.8042263415388242
16 0.8249937184224342
17 0.8249939105841742
18 0.8337384035548034
19 0.8382969534765228
20 0.8394664641032858
21 0.8394674529483639
22 0.8576277714162936
23 0.8582153246595559
24 0.8582158231781307
25 0.868511856297851
26 0.8831403919915524
27 0.897595052163383
28 0.8975952734641838
29 0.9175130302528666
30 0.9223475213890937
31 0.9223475364662295
32 0.9625506984849872
33 0.9625507606894591
34 0.9692962279461562
35 0.9692963205867453
36 0.9814464641169711
37 0.9868358543906319
38 1.0000221946467196
39 1.0000224268656326
40 1.0039148047801216
41 1.0225763521990026
42 1.0225767876523033
43 1.0347705418355053
44 1.0460452466557764
45 1.0460453457472028
46 1.0565471016636412
47 1.0777182016708204
48 1.0777185640053777
49 1.1107246289058803
50 1.1112079272533664
51 1.1251017826987546
52 1.1632266529284632
53 1.1632267735825828
54 1.1675310370824599
55 1.1675311920815379
56 1.2271624793989684
57 1.236694952798551
58 1.2366951860000683
59 1.2397594835805967
60 1.2544247726938438
61 1.2599540999412786
62 1.2599542769090324
63 1.26776725687927
64 1.267767923595757
65 1.2782002893829696
66 1.2782005499698692
67 1.3204794508235942
68 1.3328675855367023
69 1.3328677990370237
70 1.3441851819915487
71 1.3441854644305116
72 1.350810499185876
73 1.3677981529015717
74 1.3677984571006292
75 1.371479199506242
76 1.377323485072346
77 1.4484283681714822
78 1.4515050688542093
79 1.453588324599705
80 1.453588539857928
81 1.4901718819716259
82 1.4901719911012001
83 1.511241733710738
84 1.5112419116194626
85 1.5386871876958592
86 1.5389200749912337
87 1.5656869764985513
88 1.565687373152522
89 1.5761132411332588
90 1.5816480459064928
91 1.592802238962705
92 1.5928022854413997
93 1.6209351791892743
94 1.6209352843874256
95 1.6254416750557374
96 1.642377282022346
97 1.6430508195935747
98 1.6430511219503028
99 1.6670846140645357
100 1.6670850258498902
101 1.6868644120165384
102 1.6918532243549242
103 1.6918533071557782
104 1.7194355106881372
105 1.7815998490021028
106 1.781600442352985
107 1.786111109905975
108 1.791303267148566
109 1.7927255329984828
110 1.7927256310885795
111 1.8152886402249564
112 1.819416173185908
113 1.8194163172838838
114 1.84738499797686
115 1.847385291704585
116 1.8807157336842646
117 1.8878242314230178
118 1.8878242835158132
119 1.9099062927608468
120 1.9099064104368235
121 1.9201940272212539
122 1.9287738870834523
123 1.94382269595397
124 1.9438227468381852
125 1.9571423272948507
126 1.957142480251391
127 1.9788753029384452
128 1.9788753794634757
129 1.981001287904557
130 2.0034551488559886
131 2.0132466434008376
132 2.0132467493239234
133 2.0241232690105044
134 2.0241235108603486
135 2.0420334158870963
136 2.042033502345955
137 2.043210544878989
138 2.049805059275273
139 2.0504649497323264
140 2.0504650232684534
141 2.0559140269143863
142 2.081297359030688
143 2.0812974005050413
144 2.094065558295756
145 2.099570365887526
146 2.1181880396499078
147 2.1181882212604135
148 2.1370180281929527
149 2.1439689501833707
150 2.1439691116957333
151 2.149760900642874
152 2.1503444230282183
153 2.150344530648283
154 2.1656471693781056
155 2.183549587709381
156 2.183549616356113
157 2.2088856086580715
158 2.2088857408172387
159 2.2107380107957586
160 2.221173659429461
161 2.231583523019503
162 2.2315835560275414
163 2.2376071912627187
164 2.2437354692933877
165 2.2589998996463407
166 2.2590000358711744
167 2.2781900592785864
168 2.278190179479538
169 2.3021569996481066
170 2.3050124535524965
171 2.3050125450125942
172 2.3233346293799304
173 2.3233348577751602
174 2.331496520536185
175 2.3447048441989753
176 2.344705006565236
177 2.365292923760108
178 2.3731856305842856
179 2.37318573436778
180 2.3761309900198744
181 2.3858341370303986
182 2.385834374165744
183 2.402384453544699
184 2.4023845283967344
185 2.414283940896522
186 2.4360606015921324
187 2.4397217170925996
188 2.439721796543588
189 2.4581715741106427
190 2.458171654568904
191 2.4771065518445696
192 2.478486696290118
193 2.4958960516221436
194 2.499502494840236
195 2.4995025343669646
196 2.515124637880091
197 2.515124802008672
198 2.523859622326662
199 2.536379752940539
200 2.5363797906408503
201 2.543324908868848
202 2.596449517147627
203 2.604192076998718
204 2.6041921749149233
205 2.6173502834777267
206 2.617350431212539
207 2.6224902278701867
208 2.632771719633856
209 2.632771790910466
210 2.6517156109973232
211 2.651715888085449
212 2.6692135667541224
213 2.6921635231795356
214 2.7074377501786717
215 2.7125371609694677
216 2.7125373080227195
217 2.7273053279212
218 2.7273054386806086
219 2.735268601190531
220 2.770082023564389
221 2.807586923583881
222 2.80758709122706
223 2.839259805363256
224 2.844599608278665
225 2.844599632055827
226 2.861321086966706
227 2.861321206524556
228 2.8959586620793356
229 2.898866658454869
230 2.8993598082596437
231 2.899359877860301
232 2.9117264874481594
233 2.960913972970105
234 2.9660656913690926
235 2.9660658038106167
236 3.0106711871360665
237 3.0141068769358617
238 3.0141069287742304
239 3.0510794104902237
240 3.051079523254513
241 3.088579580251438
242 3.1106164589121774
243 3.110616535385447
244 3.1146568509058348
245 3.1218915535668863
246 3.121891825585865
247 3.151697688087571
248 3.151697734652648
249 3.179178844022027
250 3.179179000883622
251 3.234658251815552
252 3.238644458009781
253 3.23864450518058
254 3.2863128191068056
255 3.309929223148277
256 3.317813677704388
257 3.35229542320493
258 3.363326597340162
259 3.3633266213255486
260 3.421967491934807
261 3.421967539398035
262 3.4402186192359703
263 3.4402186586786145
264 3.4665316884280477
265 3.469917632469717
266 3.4965848291777806
267 3.516437116696009
268 3.7623561192670993
269 3.769152644735597
270 3.7691526726949136
271 3.8035930743545667
272 3.8244466606473715
273 3.824446692141445
274 3.8778355270032123
275 3.9129602290749537
276 3.9129602489931417
277 3.9637616735021766
278 3.9900649578760996
279 3.9900649831399573
280 4.042196909598359
281 4.042197094417703
282 4.135636759725995
283 4.243723394532523
284 4.245154715421948
285 4.2451547468768975
286 4.245192688125045
287 4.285941420652292
288 4.28594146579092
289 4.327718071439749
290 4.327718205612262
291 4.334767775941562
292 4.37638039145506
293 4.376380427701824
294 4.386740083174897
295 4.404936309447528
296 4.431770636900749
297 4.431770724915502
298 4.465252960360456
299 4.489035322124858
300 4.489035394465349
301 4.5554890842286655
302 4.555489111265649
303 4.57875815615527
304 4.578758269788339
305 4.593566379160035
306 4.762638188799788
307 4.788546244111652
308 4.788546361603291
309 4.8857338767830285
310 4.894545072538195
311 4.8945450982150085
312 4.915085363982042
313 4.936347684582814
314 4.942392495612119
315 4.9423925507394575
316 4.988330541104305
317 4.988330594185969
318 5.012968751057404
319 5.087933749136787
320 5.087933781350233
321 5.149787591733617
322 5.149787667396165
323 5.1503906632080705
324 5.193765762422317
325 5.196863983328855
326 5.196864052565973
327 5.243851949701655
328 5.243851996464561
329 5.276480870801604
330 5.276480963982405
331 5.309543264614705
332 5.3215347987441355
333 5.356061766356593
334 5.356061804700706
335 5.380408888687542
336 5.428500205478172
337 5.428500229033506
338 5.4349254113939915
339 5.434925493093182
340 5.457969540295571
341 5.482594659975538
342 5.4874343004931685
343 5.487434332573074
344 5.5051952029470215
345 5.563035038396437
346 5.5630350779113265
347 5.563507552544351
348 5.726872672395027
349 5.72687270615522
350 5.739280353160696
351 5.7563424412996245
352 5.756342452531376
353 5.831144627013711
354 5.8311446828018925
355 5.849211213703096
356 5.84921125808994
357 5.912091232046084
358 5.912091280314172
359 5.915220644062563
360 5.91818036213724
361 5.929495454318777
362 5.957001152052465
363 5.957001161696743
364 5.982769786676708
365 5.982769824311762
366 5.998393824521297
367 6.001077336735935
368 6.001077358036482
369 6.030322172254631
370 6.044656541728004
371 6.04465658244054
372 6.113000071315337
373 6.113000086577706
374 6.121473758462685
375 6.154014676749475
376 6.168344012063989
377 6.175116478092716
378 6.175116530331528
379 6.2148418186833325
380 6.214841820171079
381 6.233649968216584
382 6.240927087853517
383 6.2409271389876535
384 6.276007256869703
385 6.280430473139488
386 6.28043048087197
387 6.28713286989046
388 6.3019261682523275
389 6.3058418904635385
390 6.339739911493245
391 6.33973991384191
392 6.348008673859023
393 6.348008683243234
394 6.380226914050356
395 6.418843810474476
396 6.418843816403175
397 6.453997627450424
398 6.453997668811862
399 6.45484446160081
400 6.458976457103094
401 6.513532492096026
402 6.530373265083992
403 6.530373290710255
404 6.543410313092627
405 6.5572209994777655
406 6.55722103308609
407 6.580273150571812
408 6.6016989504366945
409 6.6016989756843385
410 6.607514586453891
411 6.630404613598741
412 6.642904286699138
413 6.6429043404254315
414 6.656723482596404
415 6.6728045629756965
416 6.6728046029080295
417 6.676782086492016
418 6.676782137905496
419 6.679568973969361
420 6.689326721191451
421 6.691120552368663
422 6.696491713281403
423 6.6964917581217644
424 6.704875529302769
425 6.70487555009254
426 6.712732053702632
427 6.712732145282129
428 6.716097216708552
429 6.721409737000494
430 6.721978318564126
431 6.721978378599386
432 6.72665360101316
433 6.728978275320304
434 6.736553828894012
435 6.73655385441562
436 6.7453103086718675
437 6.756291069445722
438 6.756291098169261
439 6.763289577064119
440 6.763289622727602
441 6.765161513223587
442 6.784229669289243
443 6.787166249039355
444 6.787166285802162
445 6.8013728343649795
446 6.801372846419838
447 6.807178450114429
448 6.8155035537810145
449 6.82951389009524
450 6.829513949917152
451 6.832213971294144
452 6.8375791539961535
453 6.837579184104079
454 6.843481907472574
455 6.843481932689462
456 6.845210277560053
457 6.846949757683324
458 6.847934367686647
459 6.847934388564642
460 6.864700291799091
461 6.864700329274156
462 6.87162044911786
463 6.871620476863736
464 6.8749199913339085
465 6.881237528770861
466 6.897192101846767
467 6.897192140472821
468 6.9055290840443355
469 6.905529102807213
470 6.920243087497717
471 6.920243121335939
472 6.922194417346198
473 6.929114359243239
474 6.9319796040365445
475 6.931979633506889
476 6.941156999139485
477 6.941157018528394
478 6.946720619294565
479 6.955163721284507
480 6.956222512955724
481 6.956222524984388
482 6.961079693925465
483 6.978617892218287
484 6.978617912798698
485 6.9860186165116005
486 6.9860186280987016
487 7.003029123833015
488 7.016563606306481
489 7.016563632696807
490 7.016820807924838
491 7.025963164654029
492 7.031262460178741
493 7.031262539174923
494 7.031972711116042
495 7.03244976535487
496 7.044115494084931
497 7.044115628123323
498 7.050970083008788
499 7.055058272555454
500 7.055058360571097
501 7.069929882660905
502 7.072688598907489
503 7.07268868520584
504 7.080194824551762
505 7.080482606524559
506 7.080482637234278
507 7.095601536106747
508 7.0956015683712925
509 7.108659419722062
510 7.12300451669469
511 7.127890752347584
512 7.127917311774073
513 7.1279173349357725
514 7.138502087782005
515 7.1385021747974
516 7.142567524271647
517 7.153451068470095
518 7.153451138567282
519 7.16046402565669
520 7.16046405520719
521 7.162891884354675
522 7.212990189375856
523 7.220774211635332
524 7.220774331254221
525 7.2222462481617224
526 7.222246319013706
527 7.2254637277855585
528 7.227692555238151
529 7.240898062284553
530 7.2431553689398935
531 7.24315539339784
532 7.253738384291023
533 7.2537384574863015
534 7.2551624645995165
535 7.266315814388972
536 7.2663159617408155
537 7.274364584169261
538 7.3137857696511
539 7.313785910403889
540 7.326131726233276
541 7.338212027566512
542 7.356101438914294
543 7.356101546565919
544 7.3571174350986785
545 7.364333274115667
546 7.364333375345521
547 7.394047713654417
548 7.422296707698328
549 7.4222967234412245
550 7.451769756519236
551 7.451769935236541
552 7.485889347414195
553 7.498857213218554
554 7.498857306860818
555 7.6011968428688785
556 7.6011971595627355
557 7.606829561231899
