1951.85057     0.00718
1953.89854     0.00885
1955.70470     0.00439
1957.71812     0.00439
1959.01846     0.00718
1961.06642     0.00985
1963.31919     0.00784
1964.75276     0.00718
1966.44295     0.00219
1967.45608     0.01039
1969.05349     0.00751
1970.69187     0.00718
1972.73983     0.00784
1973.96861     0.00784
1976.83577     0.00784
1978.47414     0.00818
1980.11251     0.00885
1982.21477     0.00439
1984.89933     0.00439
1986.66601     0.00851
1988.30438     0.00851
1989.94276     0.00818
1991.17154     0.00718
1994.29530     0.00877
1997.11064     0.00807
1999.48628     0.01012
2001.00178     0.00985
2002.57188     0.00807
2004.27852     0.00885
2005.91690     0.00918
2007.69180     0.01008
2009.28141     0.01234
2010.83202     0.00985
2012.47039     0.01153
2014.10876     0.01153
2015.74714     0.01286
2017.47328     0.01310
2019.09215     0.01164
2020.57449     0.01310
2022.30063     0.01086
2023.52941     0.00015
2025.16779     0.00115
2025.57738     0.01487
2026.80616     0.00182
2027.21575     0.01487
2027.83014     0.00182
2028.85413     0.01521
2030.08291     0.00082
2030.56076     0.01298
2031.10689     0.00182
2032.13087     0.01521
2033.35965     0.00082
2033.76925     0.01688
2034.99803     0.00182
2035.20282     0.01610
2036.63640     0.00216
2037.13376     0.01807
2038.68437     0.01822
2040.32274     0.01788
2041.96111     0.01956
2043.59949     0.02089
2043.80428     0.00762
2045.36074     0.02511
2046.67144     0.02457
2046.87623     0.03194
2048.51461     0.02725
2050.19394     0.03073
2051.46953     0.04140
2052.54228     0.03617
2053.02013     0.02190
2054.65851     0.02625
2055.68249     0.02993
2056.29688     0.04498
2056.70647     0.05268
2058.34485     0.04900
2059.98322     0.05235
2061.58064     0.05375
2062.48174     0.06151
2064.07916     0.06205
2065.75849     0.06285
2066.94631     0.07075
2067.32665     0.05899
2068.87140     0.06419
2070.63265     0.06406
2071.86143     0.05536
2073.49980     0.06138
2074.31899     0.07276
2075.20644     0.06740
2077.59574     0.08882
2078.82452     0.09350
2079.64370     0.11491
2080.46289     0.12763
2081.28208     0.13700
2082.51086     0.15239
2083.33004     0.16376
2083.94443     0.17358
2084.35403     0.18250
2085.37801     0.16577
2085.78760     0.19856
2085.99240     0.17447
2086.40199     0.20994
2088.74253     0.20487
2089.26915     0.22087
2090.29313     0.23336
2091.11232     0.24139
2091.60968     0.25439
2092.54589     0.24808
2093.16028     0.25745
2094.59386     0.25790
2095.41305     0.28020
2096.02744     0.27083
2096.43703     0.25745
2096.64183     0.21596
2097.05142     0.24005
2097.05142     0.20525
2098.89459     0.19856
2099.67282     0.18598
2100.22577     0.17146
2100.94256     0.16142
2101.47503     0.15252
2102.21230     0.14101
2103.12706     0.13053
2103.85067     0.14476
2104.90196     0.13209
2105.03849     0.12294
2106.06248     0.13164
2107.04698     0.13816
2108.92963     0.15707
2109.33922     0.21730
2109.33922     0.16778
2109.74882     0.17982
2110.06711     0.20175
2110.06711     0.19956
2110.97760     0.22533
2111.38719     0.23470
2111.66025     0.24719
2111.79678     0.26280
2112.20638     0.28020
2112.61597     0.31500
2112.75168     0.29825
2113.02556     0.34043
2113.02556     0.33106
2113.43516     0.35649
2113.70822     0.36764
2114.04955     0.40467
2114.04955     0.39396
2114.11781     0.38103
2114.25434     0.43679
2114.25434     0.42608
2114.25434     0.41538
2114.66394     0.47159
2114.66394     0.46088
2114.76510     0.50219
2115.10067     0.49123
2115.21006     0.51486
2115.68792     0.53048
2115.89272     0.55323
2115.89272     0.54029
2116.09751     0.56661
2116.30231     0.59070
2116.30231     0.57866
2116.50711     0.62550
2116.50711     0.61479
2116.50711     0.60409
2116.57537     0.63933
2116.91670     0.66565
2116.91670     0.65494
2117.12150     0.67970
2117.12150     0.64691
2117.32629     0.70446
2117.32629     0.69376
2117.61301     0.71624
2117.73589     0.74194
2117.73589     0.73123
2117.80415     0.75532
2118.14548     0.78075
2118.14548     0.77071
2118.21375     0.79458
2118.35028     0.81153
2118.55507     0.81822
2118.62334     0.83116
2118.75987     0.85704
2118.75987     0.84633
2119.03293     0.86819
2119.16946     0.88380
2119.37426     0.89853
2119.78385     0.91258
2120.07057     0.92476
2120.39824     0.95875
2120.48016     0.94376
2121.14094     0.99781
2121.21743     0.98452
2121.83182     0.97281
2122.03662     0.96009
2122.44621     0.94403
2123.06060     0.91994
2123.26540     0.89585
2123.47019     0.90120
2123.67499     0.88648
2123.87979     0.87444
2123.87979     0.86373
2124.08458     0.85168
2124.08458     0.84098
2124.22111     0.82759
2124.49418     0.81956
2124.49418     0.80886
2124.49418     0.79815
2124.49418     0.78410
2124.90377     0.77406
2124.90377     0.76335
2124.90377     0.74863
2125.31336     0.74194
2125.31336     0.73123
2125.31336     0.54921
2125.44989     0.69420
2125.50336     0.64035
2125.50336     0.62281
2125.50336     0.60526
2125.51816     0.71651
2125.51816     0.70580
2125.72296     0.68037
2125.72296     0.66967
2125.72296     0.65494
2125.72296     0.50906
2125.72296     0.49969
2125.83893     0.58553
2125.83893     0.57456
2125.83893     0.56360
2125.83893     0.53947
2126.13255     0.46757
2126.17450     0.52632
2126.17450     0.48904
2126.51007     0.45395
2126.51007     0.44518
2126.54214     0.42876
2126.54214     0.41939
2126.95174     0.39396
2126.95174     0.38326
2126.95174     0.37389
2127.36133     0.35917
2127.36133     0.34846
2127.36133     0.33775
2127.77092     0.32437
2127.77092     0.31366
2127.90745     0.28823
2127.97572     0.30028
2128.38531     0.27351
2128.38531     0.26280
2128.38531     0.25210
2128.59011     0.24228
2128.99970     0.22667
2128.99970     0.21418
2129.51170     0.19990
2129.54583     0.18919
2129.71649     0.15306
2129.81889     0.17715
2129.81889     0.16466
2130.22848     0.12361
2130.22848     0.11291
2130.31040     0.13753
2130.63808     0.10086
2131.04767     0.09105
2131.35487     0.06774
2131.45726     0.07989
2131.66206     0.05803
2131.94878     0.04545
2132.41298     0.04063
2133.81243     0.04030
2134.32442     0.03127
2134.89933     0.01754
2136.25536     0.00660
2137.19157     0.00584
2137.76500     0.01414
2139.44433     0.01119
2139.78566     0.00450
2141.49230     0.00338
2143.13068     0.00350
2144.81001     0.00584
2146.36646     0.00584
2147.29487     0.00271
2148.41443     0.01012
2149.88897     0.00182
2150.09376     0.01153
2151.76139     0.00526
2153.32955     0.00459
2155.00888     0.00584
2155.35021     0.00004
2157.05685     0.00350
2158.69522     0.00249
2160.33360     0.00216
2161.97197     0.00249
2163.61034     0.00182
2165.24872     0.00182
2166.88709     0.00149
2168.52546     0.00115
2170.16384     0.00082
2171.80221     0.00048
2173.44058     0.00048
2174.66936     -0.00019
2175.48855     0.01364
2177.12692     0.01153
2178.56050     0.01208
2178.97009     0.00182
