# time   C_FQM_Re    C_FQM_Im    C_FQM_Re_erf    C_FQM_Im_erf 
0.000000       1.000000       0.000000       1.000000      0.000000 
0.100000       0.938961       0.009196       0.938961      0.009196 
0.200000       0.788413       0.058221       0.788413      0.058221 
0.300000       0.606549       0.139387       0.606549      0.139387 
0.400000       0.428408       0.218809       0.428408      0.218809 
0.500000       0.265535       0.271223       0.265535      0.271223 
0.600000       0.121802       0.287682       0.121802      0.287682 
0.700000       0.000525       0.269783       0.000525      0.269783 
0.800000       -0.095049       0.224080       -0.095049      0.224080 
0.900000       -0.162661       0.158992       -0.162661      0.158992 
1.000000       -0.201617       0.083253       -0.201617      0.083253 
1.100000       -0.212913       0.005116       -0.212913      0.005116 
1.200000       -0.199108       -0.068095       -0.199108      -0.068095 
1.300000       -0.164097       -0.130248       -0.164097      -0.130248 
1.400000       -0.112832       -0.176599       -0.112832      -0.176599 
1.500000       -0.051026       -0.203933       -0.051026      -0.203933 
1.600000       0.015193       -0.210668       0.015193      -0.210668 
1.700000       0.079654       -0.196897       0.079654      -0.196897 
1.800000       0.136548       -0.164351       0.136548      -0.164351 
1.900000       0.180835       -0.116260       0.180835      -0.116260 
2.000000       0.208614       -0.057108       0.208614      -0.057108 
2.100000       0.217434       0.007721       0.217434      0.007721 
2.200000       0.206499       0.072377       0.206499      0.072377 
2.300000       0.176742       0.131032       0.176742      0.131032 
2.400000       0.130756       0.178374       0.130756      0.178374 
2.500000       0.072588       0.210078       0.072588      0.210078 
2.600000       0.007387       0.223190       0.007387      0.223190 
2.700000       -0.059035       0.216401       -0.059035      0.216401 
2.800000       -0.120721       0.190174       -0.120721      0.190174 
2.900000       -0.172097       0.146723       -0.172097      0.146723 
3.000000       -0.208478       0.089821       -0.208478      0.089821 
3.100000       -0.226491       0.024477       -0.226491      0.024477 
3.200000       -0.224395       -0.043506       -0.224395      -0.043506 
3.300000       -0.202242       -0.108050       -0.202242      -0.108050 
3.400000       -0.161891       -0.163348       -0.161891      -0.163348 
3.500000       -0.106845       -0.204386       -0.106845      -0.204386 
3.600000       -0.041952       -0.227405       -0.041952      -0.227405 
3.700000       0.027031       -0.230242       0.027031      -0.230242 
3.800000       0.093946       -0.212536       0.093946      -0.212536 
3.900000       0.152790       -0.175770       0.152790      -0.175770 
4.000000       0.198256       -0.123146       0.198256      -0.123146 
4.100000       0.226213       -0.059303       0.226213      -0.059303 
4.200000       0.234084       0.010091       0.234084      0.010091 
4.300000       0.221083       0.078849       0.221083      0.078849 
4.400000       0.188294       0.140813       0.188294      0.140813 
4.500000       0.138578       0.190415       0.138578      0.190415 
4.600000       0.076327       0.223174       0.076327      0.223174 
4.700000       0.007067       0.236103       0.007067      0.236103 
4.800000       -0.063025       0.227984       -0.063025      0.227984 
4.900000       -0.127684       0.199482       -0.127684      0.199482 
5.000000       -0.181109       0.153089       -0.181109      0.153089 
5.100000       -0.218493       0.092907       -0.218493      0.092907 
5.200000       -0.236451       0.024284       -0.236451      0.024284 
5.300000       -0.233331       -0.046664       -0.233331      -0.046664 
5.400000       -0.209363       -0.113598       -0.209363      -0.113598 
5.500000       -0.166646       -0.170523       -0.166646      -0.170523 
5.600000       -0.108960       -0.212328       -0.108960      -0.212328 
5.700000       -0.041433       -0.235247       -0.041433      -0.235247 
5.800000       0.029915       -0.237193       0.029915      -0.237193 
5.900000       0.098714       -0.217955       0.098714      -0.217955 
6.000000       0.158808       -0.179217       0.158808      -0.179217 
6.100000       0.204809       -0.124410       0.204809      -0.124410 
6.200000       0.232585       -0.058407       0.232585      -0.058407 
6.300000       0.239624       0.012908       0.239624      0.012908 
6.400000       0.225267       0.083167       0.225267      0.083167 
6.500000       0.190769       0.146090       0.190769      0.146090 
6.600000       0.139185       0.196042       0.139185      0.196042 
6.700000       0.075106       0.228542       0.075106      0.228542 
6.800000       0.004243       0.240664       0.004243      0.240664 
6.900000       -0.067078       0.231301       -0.067078      0.231301 
7.000000       -0.132484       0.201265       -0.132484      0.201265 
7.100000       -0.186121       0.153219       -0.186121      0.153219 
7.200000       -0.223186       0.091438       -0.223186      0.091438 
7.300000       -0.240348       0.021429       -0.240348      0.021429 
7.400000       -0.236055       -0.050558       -0.236055      -0.050558 
7.500000       -0.210671       -0.118092       -0.210671      -0.118092 
7.600000       -0.166445       -0.175134       -0.166445      -0.175134 
7.700000       -0.107314       -0.216578       -0.107314      -0.216578 
7.800000       -0.038550       -0.238707       -0.038550      -0.238707 
7.900000       0.033711       -0.239528       0.033711      -0.239528 
8.000000       0.103013       -0.218953       0.103013      -0.218953 
8.100000       0.163162       -0.178803       0.163162      -0.178803 
8.200000       0.208777       -0.122652       0.208777      -0.122652 
8.300000       0.235771       -0.055507       0.235771      -0.055507 
8.400000       0.241720       0.016639       0.241720      0.016639 
8.500000       0.226080       0.087343       0.226080      0.087343 
8.600000       0.190233       0.150288       0.190233      0.150288 
8.700000       0.137372       0.199843       0.137372      0.199843 
8.800000       0.072209       0.231573       0.072209      0.231573 
8.900000       0.000560       0.242634       0.000560      0.242634 
9.000000       -0.071176       0.232025       -0.071176      0.232025 
9.100000       -0.136591       0.200683       -0.136591      0.200683 
9.200000       -0.189836       0.151398       -0.189836      0.151398 
9.300000       -0.226148       0.088565       -0.226148      0.088565 
9.400000       -0.242274       0.017790       -0.242274      0.017790 
9.500000       -0.236765       -0.054605       -0.236765      -0.054605 
9.600000       -0.210102       -0.122154       -0.210102      -0.122154 
9.700000       -0.164659       -0.178819       -0.164659      -0.178819 
9.800000       -0.104488       -0.219533       -0.104488      -0.219533 
9.900000       -0.034958       -0.240652       -0.034958      -0.240652 
10.000000       0.037721       -0.240281       0.037721      -0.240281 
10.100000       0.107058       -0.218445       0.107058      -0.218445 
10.200000       0.166856       -0.177087       0.166856      -0.177087 
10.300000       0.211770       -0.119895       0.211770      -0.119895 
10.400000       0.237782       -0.051972       0.237782      -0.051972 
10.500000       0.242561       0.020616       0.242561      0.020616 
10.600000       0.225673       0.091387       0.225673      0.091387 
10.700000       0.188620       0.154016       0.188620      0.154016 
10.800000       0.134705       0.202906       0.134705      0.202906 
10.900000       0.068741       0.233684       0.068741      0.233684 
11.000000       -0.003383       0.243597       -0.003383      0.243597 
11.100000       -0.075226       0.231751       -0.075226      0.231751 
11.200000       -0.140368       0.199199       -0.140368      0.199199 
11.300000       -0.192989       0.148844       -0.192989      0.148844 
11.400000       -0.228384       0.085179       -0.228384      0.085179 
11.500000       -0.243386       0.013888       -0.243386      0.013888 
11.600000       -0.236650       -0.058661       -0.236650      -0.058661 
11.700000       -0.208772       -0.125988       -0.208772      -0.125988 
11.800000       -0.162238       -0.182076       -0.162238      -0.182076 
11.900000       -0.101200       -0.221912       -0.101200      -0.221912 
12.000000       -0.031107       -0.241934       -0.031107      -0.241934 
12.100000       0.041780       -0.240348       0.041780      -0.240348 
12.200000       0.110950       -0.217291       0.110950      -0.217291 
12.300000       0.170224       -0.174818       0.170224      -0.174818 
12.400000       0.214303       -0.116720       0.214303      -0.116720 
12.500000       0.239248       -0.048184       0.239248      -0.048184 
12.600000       0.242826       0.024670       0.242826      0.024670 
12.700000       0.224712       0.095334       0.224712      0.095334 
12.800000       0.186522       0.157496       0.186522      0.157496 
12.900000       0.131662       0.205600       0.131662      0.205600 
13.000000       0.065031       0.235346       0.065031      0.235346 
13.100000       -0.007421       0.244073       -0.007421      0.244073 
13.200000       -0.079222       0.230999       -0.079222      0.230999 
13.300000       -0.143959       0.197288       -0.143959      0.197288 
13.400000       -0.195846       0.145947       -0.195846      0.145947 
13.500000       -0.230247       0.081561       -0.230247      0.081561 
13.600000       -0.244085       0.009879       -0.244085      0.009879 
13.700000       -0.236121       -0.062697       -0.236121      -0.062697 
13.800000       -0.207063       -0.129683       -0.207063      -0.129683 
13.900000       -0.159504       -0.185095       -0.159504      -0.185095 
14.000000       -0.097690       -0.223979       -0.097690      -0.223979 
14.100000       -0.027140       -0.242862       -0.027140      -0.242862 
14.200000       0.045844       -0.240052       0.045844      -0.240052 
14.300000       0.114742       -0.215798       0.114742      -0.215798 
14.400000       0.173400       -0.172264       0.173400      -0.172264 
14.500000       0.216576       -0.113335       0.216576      -0.113335 
14.600000       0.240411       -0.044275       0.240411      -0.044275 
14.700000       0.242772       0.028748       0.242772      0.028748 
14.800000       0.223448       0.099213       0.223448      0.099213 
14.900000       0.184160       0.160823       0.184160      0.160823 
15.000000       0.128418       0.208075       0.128418      0.208075 
15.100000       0.061197       0.236744       0.061197      0.236744 
15.200000       -0.011498       0.244269       -0.011498      0.244269 
15.300000       -0.083174       0.229974       -0.083174      0.229974 
15.400000       -0.147428       0.195135       -0.147428      0.195135 
15.500000       -0.198519       0.142860       -0.198519      0.142860 
15.600000       -0.231882       0.077818       -0.231882      0.077818 
15.700000       -0.244535       0.005818       -0.244535      0.005818 
15.800000       -0.235345       -0.066709       -0.235345      -0.066709 
15.900000       -0.205130       -0.133284       -0.205130      -0.133284 
16.000000       -0.156589       -0.187959       -0.156589      -0.187959 
16.100000       -0.094055       -0.225849       -0.094055      -0.225849 
16.200000       -0.023113       -0.243568       -0.023113      -0.243568 
16.300000       0.049899       -0.239531       0.049899      -0.239531 
16.400000       0.118461       -0.214097       0.118461      -0.214097 
16.500000       0.176447       -0.169535       0.176447      -0.169535 
16.600000       0.218676       -0.109825       0.218676      -0.109825 
16.700000       0.241375       -0.040300       0.241375      -0.040300 
16.800000       0.242514       0.032832       0.242514      0.032832 
16.900000       0.221990       0.103036       0.221990      0.103036 
17.000000       0.181634       0.164043       0.181634      0.164043 
17.100000       0.125049       0.210400       0.125049      0.210400 
17.200000       0.057290       0.237966       0.057290      0.237966 
17.300000       -0.015592       0.244278       -0.015592      0.244278 
17.400000       -0.087087       0.228768       -0.087087      0.228768 
17.500000       -0.150808       0.192822       -0.150808      0.192822 
17.600000       -0.201062       0.139649       -0.201062      0.139649 
17.700000       -0.233359       0.073998       -0.233359      0.073998 
17.800000       -0.244813       0.001731       -0.244813      0.001731 
17.900000       -0.234399       -0.070695       -0.234399      -0.070695 
18.000000       -0.203045       -0.136811       -0.203045      -0.136811 
18.100000       -0.153552       -0.190710       -0.153552      -0.190710 
18.200000       -0.090339       -0.227577       -0.090339      -0.227577 
18.300000       -0.019052       -0.244117       -0.019052      -0.244117 
18.400000       0.053941       -0.238852       0.053941      -0.238852 
18.500000       0.122121       -0.212251       0.122121      -0.212251 
18.600000       0.179396       -0.166687       0.179396      -0.166687 
18.700000       0.220649       -0.106231       0.220649      -0.106231 
18.800000       0.242195       -0.036282       0.242195      -0.036282 
18.900000       0.242107       0.036912       0.242107      0.036912 
19.000000       0.220392       0.106813       0.220392      0.106813 
19.100000       0.178989       0.167177       0.178989      0.167177 
19.200000       0.121594       0.212611       0.121594      0.212611 
19.300000       0.053335       0.239055       0.053335      0.239055 
19.400000       -0.019692       0.244146       -0.019692      0.244146 
19.500000       -0.090965       0.227428       -0.090965      0.227428 
19.600000       -0.154115       0.190394       -0.154115      0.190394 
19.700000       -0.203502       0.136350       -0.203502      0.136350 
19.800000       -0.234713       0.070124       -0.234713      0.070124 
19.900000       -0.244959       -0.002370       -0.244959      -0.002370 
20.000000       -0.233324       -0.074655       -0.233324      -0.074655 
20.100000       -0.200846       -0.140276       -0.200846      -0.140276 
20.200000       -0.150425       -0.193369       -0.150425      -0.193369 
20.300000       -0.086565       -0.229191       -0.086565      -0.229191 
20.400000       -0.014969       -0.244542       -0.014969      -0.244542 
20.500000       0.057967       -0.238049       0.057967      -0.238049 
20.600000       0.125729       -0.210292       0.125729      -0.210292 
20.700000       0.182263       -0.163748       0.182263      -0.163748 
20.800000       0.222518       -0.102575       0.222518      -0.102575 
20.900000       0.242897       -0.032237       0.242897      -0.032237 
21.000000       0.241581       0.040985       0.241581      0.040985 
21.100000       0.218684       0.110548       0.218684      0.110548 
21.200000       0.176252       0.170239       0.176252      0.170239 
21.300000       0.118073       0.214725       0.118073      0.214725 
21.400000       0.049346       0.240033       0.049346      0.240033 
21.500000       -0.023793       0.243900       -0.023793      0.243900 
21.600000       -0.094809       0.225980       -0.094809      0.225980 
21.700000       -0.157358       0.187873       -0.157358      0.187873 
21.800000       -0.205854       0.132982       -0.205854      0.132982 
21.900000       -0.235963       0.066211       -0.235963      0.066211 
22.000000       -0.244995       -0.006478       -0.244995      -0.006478 
22.100000       -0.232143       -0.078591       -0.232143      -0.078591 
22.200000       -0.198553       -0.143686       -0.198553      -0.143686 
22.300000       -0.147226       -0.195948       -0.147226      -0.195948 
22.400000       -0.082746       -0.230709       -0.082746      -0.230709 
22.500000       -0.010872       -0.244862       -0.010872      -0.244862 
22.600000       0.061976       -0.237142       0.061976      -0.237142 
22.700000       0.129290       -0.208240       0.129290      -0.208240 
22.800000       0.185057       -0.160734       0.185057      -0.160734 
22.900000       0.224295       -0.098869       0.224295      -0.098869 
23.000000       0.243499       -0.028170       0.243499      -0.028170 
23.100000       0.240953       0.045047       0.240953      0.045047 
23.200000       0.216882       0.114243       0.216882      0.114243 
23.300000       0.173438       0.173236       0.173438      0.173236 
23.400000       0.114499       0.216756       0.114499      0.216756 
23.500000       0.045330       0.240915       0.045330      0.240915 
23.600000       -0.027890       0.243555       -0.027890      0.243555 
23.700000       -0.098620       0.224438       -0.098620      0.224438 
23.800000       -0.160544       0.185273       -0.160544      0.185273 
23.900000       -0.208128       0.129556       -0.208128      0.129556 
24.000000       -0.237122       0.062265       -0.237122      0.062265 
24.100000       -0.244935       -0.010590       -0.244935      -0.010590 
24.200000       -0.230870       -0.082501       -0.230870      -0.082501 
24.300000       -0.196181       -0.147045       -0.196181      -0.147045 
24.400000       -0.143966       -0.198455       -0.143966      -0.198455 
24.500000       -0.078890       -0.232139       -0.078890      -0.232139 
24.600000       -0.006765       -0.245088       -0.006765      -0.245088 
24.700000       0.065966       -0.236144       0.065966      -0.236144 
24.800000       0.132806       -0.206106       0.132806      -0.206106 
24.900000       0.187785       -0.157656       0.187785      -0.157656 
25.000000       0.225991       -0.095122       0.225991      -0.095122 
25.100000       0.244011       -0.024089       0.244011      -0.024089 
25.200000       0.240234       0.049097       0.240234      0.049097 
25.300000       0.214998       0.117900       0.214998      0.117900 
25.400000       0.170556       0.176172       0.170556      0.176172 
25.500000       0.110878       0.218709       0.110878      0.218709 
25.600000       0.041294       0.241710       0.041294      0.241710 
25.700000       -0.031981       0.243120       -0.031981      0.243120 
25.800000       -0.102400       0.222814       -0.102400      0.222814 
25.900000       -0.163674       0.182603       -0.163674      0.182603 
26.000000       -0.210329       0.126080       -0.210329      0.126080 
26.100000       -0.238197       0.058294       -0.238197      0.058294 
26.200000       -0.244787       -0.014702       -0.244787      -0.014702 
26.300000       -0.229512       -0.086385       -0.229512      -0.086385 
26.400000       -0.193735       -0.150354       -0.193735      -0.150354 
26.500000       -0.140652       -0.200893       -0.140652      -0.200893 
26.600000       -0.075003       -0.233488       -0.075003      -0.233488 
26.700000       -0.002653       -0.245227       -0.002653      -0.245227 
26.800000       0.069936       -0.235061       0.069936      -0.235061 
26.900000       0.136279       -0.203897       0.136279      -0.203897 
27.000000       0.190449       -0.154519       0.190449      -0.154519 
27.100000       0.227609       -0.091338       0.227609      -0.091338 
27.200000       0.244438       -0.019996       0.244438      -0.019996 
27.300000       0.239432       0.053134       0.239432      0.053134 
27.400000       0.213038       0.121518       0.213038      0.121518 
27.500000       0.167614       0.179050       0.167614      0.179050 
27.600000       0.107216       0.220588       0.107216      0.220588 
27.700000       0.037240       0.242422       0.037240      0.242422 
27.800000       -0.036064       0.242602       -0.036064      0.242602 
27.900000       -0.106148       0.221111       -0.106148      0.221111 
28.000000       -0.166751       0.179869       -0.166751      0.179869 
28.100000       -0.212460       0.122558       -0.212460      0.122558 
28.200000       -0.239191       0.054299       -0.239191      0.054299 
28.300000       -0.244557       -0.018812       -0.244557      -0.018812 
28.400000       -0.228077       -0.090243       -0.228077      -0.090243 
28.500000       -0.191223       -0.153615       -0.191223      -0.153615 
28.600000       -0.137288       -0.203266       -0.137288      -0.203266 
28.700000       -0.071088       -0.234761       -0.071088      -0.234761 
28.800000       0.001464       -0.245285       0.001464      -0.245285 
28.900000       0.073885       -0.233899       0.073885      -0.233899 
29.000000       0.139708       -0.201620       0.139708      -0.201620 
29.100000       0.193052       -0.151330       0.193052      -0.151330 
29.200000       0.229153       -0.087521       0.229153      -0.087521 
29.300000       0.244784       -0.015893       0.244784      -0.015893 
29.400000       0.238550       0.057155       0.238550      0.057155 
29.500000       0.211007       0.125100       0.211007      0.125100 
29.600000       0.164614       0.181870       0.164614      0.181870 
29.700000       0.103517       0.222396       0.103517      0.222396 
29.800000       0.033172       0.243056       0.033172      0.243056 
29.900000       -0.040138       0.242005       -0.040138      0.242005 
30.000000       -0.109863       0.219336       -0.109863      0.219336 
30.100000       -0.169775       0.177075       -0.169775      0.177075 
30.200000       -0.214523       0.118995       -0.214523      0.118995 
30.300000       -0.240109       0.050285       -0.240109      0.050285 
30.400000       -0.244247       -0.022918       -0.244247      -0.022918 
30.500000       -0.226567       -0.094074       -0.226567      -0.094074 
30.600000       -0.188648       -0.156829       -0.188648      -0.156829 
30.700000       -0.133878       -0.205575       -0.133878      -0.205575 
30.800000       -0.067148       -0.235958       -0.067148      -0.235958 
30.900000       0.005582       -0.245265       0.005582      -0.245265 
31.000000       0.077813       -0.232663       0.077813      -0.232663 
31.100000       0.143095       -0.199277       0.143095      -0.199277 
31.200000       0.195595       -0.148090       0.195595      -0.148090 
31.300000       0.230625       -0.083675       0.230625      -0.083675 
31.400000       0.245053       -0.011784       0.245053      -0.011784 
31.500000       0.237592       0.061161       0.237592      0.061161 
31.600000       0.208908       0.128643       0.208908      0.128643 
31.700000       0.161562       0.184635       0.161562      0.184635 
31.800000       0.099783       0.224134       0.099783      0.224134 
31.900000       0.029091       0.243613       0.029091      0.243613 
32.000000       -0.044201       0.241331       -0.044201      0.241331 
32.100000       -0.113545       0.217492       -0.113545      0.217492 
32.200000       -0.172748       0.174224       -0.172748      0.174224 
32.300000       -0.216520       0.115393       -0.216520      0.115393 
32.400000       -0.240952       0.046253       -0.240952      0.046253 
32.500000       -0.243861       -0.027018       -0.243861      -0.027018 
32.600000       -0.224986       -0.097878       -0.224986      -0.097878 
32.700000       -0.186014       -0.159995       -0.186014      -0.159995 
32.800000       -0.130425       -0.207821       -0.130425      -0.207821 
32.900000       -0.063185       -0.237083       -0.063185      -0.237083 
33.000000       0.009700       -0.245168       0.009700      -0.245168 
33.100000       0.081719       -0.231353       0.081719      -0.231353 
33.200000       0.146439       -0.196872       0.146439      -0.196872 
33.300000       0.198079       -0.144804       0.198079      -0.144804 
33.400000       0.232026       -0.079801       0.232026      -0.079801 
33.500000       0.245247       -0.007669       0.245247      -0.007669 
33.600000       0.236561       0.065149       0.236561      0.065149 
33.700000       0.206743       0.132148       0.206743      0.132148 
33.800000       0.158458       0.187344       0.158458      0.187344 
33.900000       0.096018       0.225805       0.096018      0.225805 
34.000000       0.025000       0.244096       0.025000      0.244096 
34.100000       -0.048252       0.240583       -0.048252      0.240583 
34.200000       -0.117194       0.215580       -0.117194      0.215580 
34.300000       -0.175669       0.171319       -0.175669      0.171319 
34.400000       -0.218452       0.111754       -0.218452      0.111754 
34.500000       -0.241722       0.042206       -0.241722      0.042206 
34.600000       -0.243400       -0.031112       -0.243400      -0.031112 
34.700000       -0.223336       -0.101652       -0.223336      -0.101652 
34.800000       -0.183321       -0.163113       -0.183321      -0.163113 
34.900000       -0.126931       -0.210004       -0.126931      -0.210004 
35.000000       -0.059202       -0.238136       -0.059202      -0.238136 
35.100000       0.013816       -0.244997       0.013816      -0.244997 
35.200000       0.085600       -0.229973       0.085600      -0.229973 
35.300000       0.149739       -0.194406       0.149739      -0.194406 
35.400000       0.200503       -0.141473       0.200503      -0.141473 
35.500000       0.233357       -0.075902       0.233357      -0.075902 
35.600000       0.245366       -0.003551       0.245366      -0.003551 
35.700000       0.235457       0.069119       0.235457      0.069119 
35.800000       0.204516       0.135614       0.204516      0.135614 
35.900000       0.155306       0.189997       0.155306      0.189997 
36.000000       0.092222       0.227408       0.092222      0.227408 
36.100000       0.020900       0.244505       0.020900      0.244505 
36.200000       -0.052290       0.239762       -0.052290      0.239762 
36.300000       -0.120809       0.213602       -0.120809      0.213602 
36.400000       -0.178538       0.168361       -0.178537      0.168361 
36.500000       -0.220318       0.108081       -0.220318      0.108081 
36.600000       -0.242419       0.038146       -0.242419      0.038146 
36.700000       -0.242866       -0.035198       -0.242865      -0.035198 
36.800000       -0.221618       -0.105398       -0.221617      -0.105397 
36.900000       -0.180573       -0.166183       -0.180572      -0.166182 
37.000000       -0.123399       -0.212125       -0.123397      -0.212122 
37.100000       -0.055200       -0.239118       -0.055199      -0.239113 
37.200000       0.017929       -0.244752       0.017928      -0.244743 
37.300000       0.089458       -0.228523       0.089452      -0.228508 
37.400000       0.152996       -0.191881       0.152978      -0.191858 
37.500000       0.202868       -0.138098       0.202826      -0.138070 
37.600000       0.234619       -0.071979       0.234538      -0.071955 
37.700000       0.245412       0.000570       0.245272      0.000569 
37.800000       0.234284       0.073068       0.234065      0.073000 
37.900000       0.202227       0.139041       0.201926      0.138834 
38.000000       0.152107       0.192594       0.151751      0.192143 
38.100000       0.088398       0.228943       0.088080      0.228118 
38.200000       0.016793       0.244842       0.016702      0.243506 
38.300000       -0.056313       0.238870       -0.055856      0.236934 
38.400000       -0.124389       0.211561       -0.122918      0.209059 
38.500000       -0.181354       0.165353       -0.178280      0.162551 
38.600000       -0.222120       0.104375       -0.216821      0.101885 
38.700000       -0.243045       0.034072       -0.235025      0.032948 
38.800000       -0.242260       -0.039274       -0.231396      -0.037513 
38.900000       -0.219834       -0.109112       -0.206667      -0.102577 
39.000000       -0.177771       -0.169205       -0.163790      -0.155897 
39.100000       -0.119829       -0.214183       -0.107661      -0.192434 
39.200000       -0.051182       -0.240030       -0.044582      -0.209078 
39.300000       0.022038       -0.244435       0.018487      -0.205057 
39.400000       0.093289       -0.227006       0.074811      -0.182043 
39.500000       0.156208       -0.189299       0.118757      -0.143915 
39.600000       0.205173       -0.134683       0.146534      -0.096190 
39.700000       0.235811       -0.068035       0.156653      -0.045196 
39.800000       0.245386       0.004691       0.150017      0.002868 
39.900000       0.233041       0.076998       0.129625      0.042828 
40.000000       0.199879       0.142427       0.099939      0.071214 
40.100000       0.148862       0.195134       0.066060      0.086595 
40.200000       0.084548       0.230411       0.032859      0.089549 
40.300000       0.012681       0.245107       0.004257      0.082279 
40.400000       -0.060320       0.237908       -0.017240      0.067995 
40.500000       -0.127932       0.209457       -0.030672      0.050217 
40.600000       -0.184118       0.162296       -0.036469      0.032146 
40.700000       -0.223856       0.100637       -0.036063      0.016213 
40.800000       -0.243599       0.029989       -0.031412      0.003867 
40.900000       -0.241582       -0.043339       -0.024532      -0.004401 
41.000000       -0.217986       -0.112796       -0.017144      -0.008871 
41.100000       -0.174917       -0.172178       -0.010477      -0.010313 
41.200000       -0.116223       -0.216179       -0.005212      -0.009694 
41.300000       -0.047147       -0.240871       -0.001556      -0.007948 
41.400000       0.026141       -0.244047       0.000624      -0.005822 
41.500000       0.097094       -0.225422       0.001645      -0.003820 
41.600000       0.159374       -0.186662       0.001885      -0.002207 
41.700000       0.207419       -0.131227       0.001681      -0.001064 
41.800000       0.236936       -0.064070       0.001292      -0.000349 
41.900000       0.245288       0.008811       0.000884      0.000032 
42.000000       0.231729       0.080905       0.000542      0.000189 
42.100000       0.197471       0.145772       0.000294      0.000217 
42.200000       0.145573       0.197619       0.000136      0.000184 
42.300000       0.080672       0.231813       0.000046      0.000133 
42.400000       0.008564       0.245300       0.000003      0.000084 
42.500000       -0.064310       0.236875       -0.000013      0.000048 
42.600000       -0.131439       0.207292       -0.000016      0.000024 
42.700000       -0.186828       0.159191       -0.000013      0.000011 
42.800000       -0.225528       0.096870       -0.000008      0.000004 
42.900000       -0.244083       0.025896       -0.000005      0.000001 
43.000000       -0.240835       -0.047392       -0.000003      -0.000001 
43.100000       -0.216073       -0.116447       -0.000001      -0.000001 
43.200000       -0.172011       -0.175101       -0.000001      -0.000001 
43.300000       -0.112583       -0.218113       -0.000000      -0.000000 
43.400000       -0.043098       -0.241643       -0.000000      -0.000000 
43.500000       0.030237       -0.243587       0.000000      -0.000000 
43.600000       0.100871       -0.223773       0.000000      -0.000000 
43.700000       0.162495       -0.183969       0.000000      -0.000000 
43.800000       0.209605       -0.127732       0.000000      -0.000000 
43.900000       0.237991       -0.060085       0.000000      -0.000000 
44.000000       0.245119       0.012929       0.000000      0.000000 
44.100000       0.230351       0.084789       0.000000      0.000000 
44.200000       0.195006       0.149076       0.000000      0.000000 
44.300000       0.142242       0.200046       0.000000      0.000000 
44.400000       0.076772       0.233147       0.000000      0.000000 
44.500000       0.004443       0.245422       0.000000      0.000000 
44.600000       -0.068282       0.235775       -0.000000      0.000000 
44.700000       -0.134909       0.205066       -0.000000      0.000000 
44.800000       -0.189485       0.156039       -0.000000      0.000000 
44.900000       -0.227135       0.093074       -0.000000      0.000000 
45.000000       -0.244496       0.021794       -0.000000      0.000000 
45.100000       -0.240017       -0.051432       -0.000000      -0.000000 
45.200000       -0.214098       -0.120065       -0.000000      -0.000000 
45.300000       -0.169055       -0.177973       -0.000000      -0.000000 
45.400000       -0.108910       -0.219984       -0.000000      -0.000000 
45.500000       -0.039036       -0.242344       -0.000000      -0.000000 
45.600000       0.034325       -0.243057       0.000000      -0.000000 
45.700000       0.104620       -0.222058       0.000000      -0.000000 
45.800000       0.165570       -0.181224       0.000000      -0.000000 
45.900000       0.211731       -0.124201       0.000000      -0.000000 
46.000000       0.238978       -0.056083       0.000000      -0.000000 
46.100000       0.244879       0.017044       0.000000      0.000000 
46.200000       0.228905       0.088650       0.000000      0.000000 
46.300000       0.192484       0.152337       0.000000      0.000000 
46.400000       0.138869       0.202416       0.000000      0.000000 
46.500000       0.072849       0.234414       0.000000      0.000000 
46.600000       0.000322       0.245474       0.000000      0.000000 
46.700000       -0.072235       0.234606       -0.000000      0.000000 
46.800000       -0.138340       0.202781       -0.000000      0.000000 
46.900000       -0.192087       0.152842       -0.000000      0.000000 
47.000000       -0.228676       0.089251       -0.000000      0.000000 
47.100000       -0.244838       0.017686       -0.000000      0.000000 
47.200000       -0.239130       -0.055458       -0.000000      -0.000000 
47.300000       -0.212061       -0.123649       -0.000000      -0.000000 
47.400000       -0.166050       -0.180795       -0.000000      -0.000000 
47.500000       -0.105205       -0.221792       -0.000000      -0.000000 
47.600000       -0.034963       -0.242976       -0.000000      -0.000000 
47.700000       0.038403       -0.242457       0.000000      -0.000000 
47.800000       0.108339       -0.220280       0.000000      -0.000000 
47.900000       0.168597       -0.178425       0.000000      -0.000000 
48.000000       0.213795       -0.120633       0.000000      -0.000000 
48.100000       0.239896       -0.052064       0.000000      -0.000000 
48.200000       0.244568       0.021155       0.000000      0.000000 
48.300000       0.227394       0.092485       0.000000      0.000000 
48.400000       0.189907       0.155554       0.000000      0.000000 
48.500000       0.135456       0.204728       0.000000      0.000000 
48.600000       0.068905       0.235615       0.000000      0.000000 
48.700000       -0.003801       0.245455       -0.000000      0.000000 
48.800000       -0.076168       0.233369       -0.000000      0.000000 
48.900000       -0.141731       0.200437       -0.000000      0.000000 
49.000000       -0.194634       0.149601       -0.000000      0.000000 
49.100000       -0.230152       0.085402       -0.000000      0.000000 
49.200000       -0.245111       0.013573       -0.000000      0.000000 
49.300000       -0.238175       -0.059468       -0.000000      -0.000000 
49.400000       -0.209964       -0.127198       -0.000000      -0.000000 
49.500000       -0.162997       -0.183565       -0.000000      -0.000000 
49.600000       -0.101470       -0.223536       -0.000000      -0.000000 
49.700000       -0.030879       -0.243539       -0.000000      -0.000000 
49.800000       0.042471       -0.241787       0.000000      -0.000000 
49.900000       0.112027       -0.218438       0.000000      -0.000000 
50.000000       0.171576       -0.175576       0.000000      -0.000000 
