# FQM_w,     FQM_I,    FQM_I_of_C_after_erf  
-20.000000       0.003532       -0.001286 
-19.980000       0.002149       -0.001276 
-19.960000       -0.002387       -0.001267 
-19.940000       -0.005901       -0.001258 
-19.920000       -0.005148       -0.001249 
-19.900000       -0.000806       -0.001240 
-19.880000       0.003143       -0.001231 
-19.860000       0.003075       -0.001222 
-19.840000       -0.000948       -0.001213 
-19.820000       -0.005221       -0.001204 
-19.800000       -0.005805       -0.001196 
-19.780000       -0.002149       -0.001187 
-19.760000       0.002399       -0.001178 
-19.740000       0.003663       -0.001170 
-19.720000       0.000482       -0.001161 
-19.700000       -0.004216       -0.001153 
-19.680000       -0.006103       -0.001144 
-19.660000       -0.003431       -0.001136 
-19.640000       0.001358       -0.001128 
-19.620000       0.003867       -0.001120 
-19.600000       0.001792       -0.001111 
-19.580000       -0.002958       -0.001103 
-19.560000       -0.006010       -0.001095 
-19.540000       -0.004545       -0.001087 
-19.520000       0.000105       -0.001079 
-19.500000       0.003673       -0.001071 
-19.480000       0.002881       -0.001064 
-19.460000       -0.001542       -0.001056 
-19.440000       -0.005526       -0.001048 
-19.420000       -0.005396       -0.001040 
-19.400000       -0.001259       -0.001033 
-19.380000       0.003094       -0.001025 
-19.360000       0.003664       -0.001018 
-19.340000       -0.000074       -0.001010 
-19.320000       -0.004680       -0.001003 
-19.300000       -0.005911       -0.000996 
-19.280000       -0.002621       -0.000988 
-19.260000       0.002178       -0.000981 
-19.240000       0.004078       -0.000974 
-19.220000       0.001333       -0.000967 
-19.200000       -0.003533       -0.000959 
-19.180000       -0.006040       -0.000952 
-19.160000       -0.003870       -0.000945 
-19.140000       0.000996       -0.000938 
-19.120000       0.004091       -0.000932 
-19.100000       0.002570       -0.000925 
-19.080000       -0.002170       -0.000918 
-19.060000       -0.005766       -0.000911 
-19.040000       -0.004901       -0.000904 
-19.020000       -0.000357       -0.000898 
-19.000000       0.003699       -0.000891 
-18.980000       0.003538       -0.000884 
-18.960000       -0.000693       -0.000878 
-18.940000       -0.005103       -0.000871 
-18.920000       -0.005627       -0.000865 
-18.900000       -0.001770       -0.000859 
-18.880000       0.002933       -0.000852 
-18.860000       0.004162       -0.000846 
-18.840000       0.000784       -0.000840 
-18.820000       -0.004094       -0.000833 
-18.800000       -0.005981       -0.000827 
-18.780000       -0.003129       -0.000821 
-18.760000       0.001853       -0.000815 
-18.740000       0.004390       -0.000809 
-18.720000       0.002147       -0.000803 
-18.700000       -0.002815       -0.000797 
-18.680000       -0.005930       -0.000791 
-18.660000       -0.004321       -0.000785 
-18.640000       0.000545       -0.000779 
-18.620000       0.004202       -0.000773 
-18.600000       0.003288       -0.000768 
-18.580000       -0.001361       -0.000762 
-18.560000       -0.005468       -0.000756 
-18.540000       -0.005247       -0.000751 
-18.520000       -0.000887       -0.000745 
-18.500000       0.003612       -0.000739 
-18.480000       0.004116       -0.000734 
-18.460000       0.000157       -0.000728 
-18.440000       -0.004625       -0.000723 
-18.420000       -0.005826       -0.000718 
-18.400000       -0.002328       -0.000712 
-18.380000       0.002664       -0.000707 
-18.360000       0.004564       -0.000702 
-18.340000       0.001622       -0.000696 
-18.320000       -0.003460       -0.000691 
-18.300000       -0.006005       -0.000686 
-18.280000       -0.003659       -0.000681 
-18.260000       0.001433       -0.000676 
-18.240000       0.004595       -0.000671 
-18.220000       0.002918       -0.000665 
-18.200000       -0.002061       -0.000660 
-18.180000       -0.005761       -0.000656 
-18.160000       -0.004770       -0.000651 
-18.140000       0.000015       -0.000646 
-18.120000       0.004202       -0.000641 
-18.100000       0.003941       -0.000636 
-18.080000       -0.000533       -0.000631 
-18.060000       -0.005108       -0.000626 
-18.040000       -0.005568       -0.000622 
-18.020000       -0.001477       -0.000617 
-18.000000       0.003415       -0.000612 
-17.980000       0.004610       -0.000608 
-17.960000       0.001006       -0.000603 
-17.940000       -0.004088       -0.000599 
-17.920000       -0.005981       -0.000594 
-17.900000       -0.002920       -0.000590 
-17.880000       0.002293       -0.000585 
-17.860000       0.004868       -0.000581 
-17.840000       0.002435       -0.000576 
-17.820000       -0.002776       -0.000572 
-17.800000       -0.005970       -0.000568 
-17.780000       -0.004198       -0.000563 
-17.760000       0.000923       -0.000559 
-17.740000       0.004692       -0.000555 
-17.720000       0.003640       -0.000550 
-17.700000       -0.001271       -0.000546 
-17.680000       -0.005527       -0.000542 
-17.660000       -0.005204       -0.000538 
-17.640000       -0.000586       -0.000534 
-17.620000       0.004091       -0.000530 
-17.600000       0.004525       -0.000526 
-17.580000       0.000311       -0.000522 
-17.560000       -0.004680       -0.000518 
-17.540000       -0.005851       -0.000514 
-17.520000       -0.002113       -0.000510 
-17.500000       0.003110       -0.000506 
-17.480000       0.005016       -0.000502 
-17.460000       0.001848       -0.000498 
-17.440000       -0.003488       -0.000495 
-17.420000       -0.006081       -0.000491 
-17.400000       -0.003534       -0.000487 
-17.380000       0.001823       -0.000483 
-17.360000       0.005071       -0.000480 
-17.340000       0.003217       -0.000476 
-17.320000       -0.002041       -0.000472 
-17.300000       -0.005867       -0.000469 
-17.280000       -0.004734       -0.000465 
-17.260000       0.000332       -0.000462 
-17.240000       0.004679       -0.000458 
-17.220000       0.004308       -0.000454 
-17.200000       -0.000448       -0.000451 
-17.180000       -0.005219       -0.000448 
-17.160000       -0.005609       -0.000444 
-17.140000       -0.001246       -0.000441 
-17.120000       0.003869       -0.000437 
-17.100000       0.005033       -0.000434 
-17.080000       0.001167       -0.000431 
-17.060000       -0.004179       -0.000427 
-17.040000       -0.006085       -0.000424 
-17.020000       -0.002784       -0.000421 
-17.000000       0.002700       -0.000417 
-16.980000       0.005329       -0.000414 
-16.960000       0.002677       -0.000411 
-16.940000       -0.002824       -0.000408 
-16.920000       -0.006115       -0.000405 
-16.900000       -0.004157       -0.000402 
-16.880000       0.001262       -0.000399 
-16.860000       0.005167       -0.000395 
-16.840000       0.003961       -0.000392 
-16.820000       -0.001256       -0.000389 
-16.800000       -0.005688       -0.000386 
-16.780000       -0.005251       -0.000383 
-16.760000       -0.000332       -0.000380 
-16.740000       0.004555       -0.000377 
-16.720000       0.004914       -0.000375 
-16.700000       0.000405       -0.000372 
-16.680000       -0.004831       -0.000369 
-16.660000       -0.005973       -0.000366 
-16.640000       -0.001956       -0.000363 
-16.620000       0.003538       -0.000360 
-16.600000       0.005457       -0.000357 
-16.580000       0.002029       -0.000355 
-16.560000       -0.003603       -0.000352 
-16.540000       -0.006257       -0.000349 
-16.520000       -0.003479       -0.000346 
-16.500000       0.002190       -0.000344 
-16.480000       0.005541       -0.000341 
-16.460000       0.003486       -0.000338 
-16.440000       -0.002095       -0.000336 
-16.420000       -0.006072       -0.000333 
-16.400000       -0.004776       -0.000331 
-16.380000       0.000616       -0.000328 
-16.360000       0.005154       -0.000325 
-16.340000       0.004659       -0.000323 
-16.320000       -0.000423       -0.000320 
-16.300000       -0.005425       -0.000318 
-16.280000       -0.005738       -0.000315 
-16.260000       -0.001060       -0.000313 
-16.240000       0.004319       -0.000310 
-16.220000       0.005450       -0.000308 
-16.200000       0.001284       -0.000306 
-16.180000       -0.004358       -0.000303 
-16.160000       -0.006282       -0.000301 
-16.140000       -0.002705       -0.000298 
-16.120000       0.003098       -0.000296 
-16.100000       0.005792       -0.000294 
-16.080000       0.002890       -0.000292 
-16.060000       -0.002949       -0.000289 
-16.040000       -0.006355       -0.000287 
-16.020000       -0.004185       -0.000285 
-16.000000       0.001583       -0.000282 
-15.980000       0.005649       -0.000280 
-15.960000       0.004268       -0.000278 
-15.940000       -0.001303       -0.000276 
-15.920000       -0.005944       -0.000274 
-15.900000       -0.005377       -0.000272 
-15.880000       -0.000109       -0.000269 
-15.860000       0.005027       -0.000267 
-15.840000       0.005303       -0.000265 
-15.820000       0.000453       -0.000263 
-15.800000       -0.005070       -0.000261 
-15.780000       -0.006181       -0.000259 
-15.760000       -0.001843       -0.000257 
-15.740000       0.003969       -0.000255 
-15.720000       0.005908       -0.000253 
-15.700000       0.002181       -0.000251 
-15.680000       -0.003796       -0.000249 
-15.660000       -0.006525       -0.000247 
-15.640000       -0.003481       -0.000245 
-15.620000       0.002551       -0.000243 
-15.600000       0.006028       -0.000241 
-15.580000       0.003743       -0.000239 
-15.560000       -0.002216       -0.000237 
-15.540000       -0.006370       -0.000235 
-15.520000       -0.004888       -0.000234 
-15.500000       0.000884       -0.000232 
-15.480000       0.005646       -0.000230 
-15.460000       0.005012       -0.000228 
-15.440000       -0.000449       -0.000226 
-15.420000       -0.005721       -0.000224 
-15.400000       -0.005948       -0.000223 
-15.380000       -0.000904       -0.000221 
-15.360000       0.004784       -0.000219 
-15.340000       0.005883       -0.000217 
-15.320000       0.001367       -0.000216 
-15.300000       -0.004619       -0.000214 
-15.280000       -0.006568       -0.000212 
-15.260000       -0.002670       -0.000211 
-15.240000       0.003504       -0.000209 
-15.220000       0.006278       -0.000207 
-15.200000       0.003089       -0.000206 
-15.180000       -0.003144       -0.000204 
-15.160000       -0.006689       -0.000202 
-15.140000       -0.004272       -0.000201 
-15.120000       0.001901       -0.000199 
-15.100000       0.006159       -0.000198 
-15.080000       0.004577       -0.000196 
-15.060000       -0.001405       -0.000194 
-15.040000       -0.006291       -0.000193 
-15.020000       -0.005577       -0.000191 
-15.000000       0.000099       -0.000190 
-14.980000       0.005527       -0.000188 
-14.960000       0.005709       -0.000187 
-14.940000       0.000463       -0.000185 
-14.920000       -0.005397       -0.000184 
-14.900000       -0.006475       -0.000182 
-14.880000       -0.001762       -0.000181 
-14.860000       0.004422       -0.000179 
-14.840000       0.006388       -0.000178 
-14.820000       0.002314       -0.000177 
-14.800000       -0.004067       -0.000175 
-14.780000       -0.006884       -0.000174 
-14.760000       -0.003531       -0.000172 
-14.740000       0.002926       -0.000171 
-14.720000       0.006552       -0.000170 
-14.700000       0.004000       -0.000168 
-14.680000       -0.002398       -0.000167 
-14.660000       -0.006762       -0.000165 
-14.640000       -0.005066       -0.000164 
-14.620000       0.001150       -0.000163 
-14.600000       0.006177       -0.000162 
-14.580000       0.005383       -0.000160 
-14.560000       -0.000518       -0.000159 
-14.540000       -0.006109       -0.000158 
-14.520000       -0.006237       -0.000156 
-14.500000       -0.000766       -0.000155 
-14.480000       0.005286       -0.000154 
-14.460000       0.006348       -0.000153 
-14.440000       0.001427       -0.000151 
-14.420000       -0.004964       -0.000150 
-14.400000       -0.006943       -0.000149 
-14.380000       -0.002672       -0.000148 
-14.360000       0.003938       -0.000146 
-14.340000       0.006809       -0.000145 
-14.320000       0.003285       -0.000144 
-14.300000       -0.003409       -0.000143 
-14.280000       -0.007117       -0.000142 
-14.260000       -0.004415       -0.000141 
-14.240000       0.002234       -0.000140 
-14.220000       0.006719       -0.000138 
-14.200000       0.004904       -0.000137 
-14.180000       -0.001560       -0.000136 
-14.160000       -0.006735       -0.000135 
-14.140000       -0.005849       -0.000134 
-14.120000       0.000303       -0.000133 
-14.100000       0.006075       -0.000132 
-14.080000       0.006151       -0.000131 
-14.060000       0.000442       -0.000130 
-14.040000       -0.005813       -0.000129 
-14.020000       -0.006854       -0.000128 
-14.000000       -0.001704       -0.000126 
-13.980000       0.004918       -0.000125 
-13.960000       0.006918       -0.000124 
-13.940000       0.002439       -0.000123 
-13.920000       -0.004416       -0.000122 
-13.900000       -0.007340       -0.000121 
-13.880000       -0.003626       -0.000120 
-13.860000       0.003330       -0.000119 
-13.840000       0.007133       -0.000118 
-13.820000       0.004272       -0.000117 
-13.800000       -0.002643       -0.000116 
-13.780000       -0.007255       -0.000116 
-13.760000       -0.005308       -0.000115 
-13.740000       0.001429       -0.000114 
-13.720000       0.006770       -0.000113 
-13.700000       0.005790       -0.000112 
-13.680000       -0.000629       -0.000111 
-13.660000       -0.006594       -0.000110 
-13.640000       -0.006609       -0.000109 
-13.620000       -0.000637       -0.000108 
-13.600000       0.005844       -0.000107 
-13.580000       0.006867       -0.000106 
-13.560000       0.001471       -0.000105 
-13.540000       -0.005397       -0.000105 
-13.520000       -0.007415       -0.000104 
-13.500000       -0.002706       -0.000103 
-13.480000       0.004418       -0.000102 
-13.460000       0.007405       -0.000101 
-13.440000       0.003489       -0.000100 
-13.420000       -0.003748       -0.000099 
-13.400000       -0.007651       -0.000099 
-13.380000       -0.004613       -0.000098 
-13.360000       0.002596       -0.000097 
-13.340000       0.007351       -0.000096 
-13.320000       0.005264       -0.000095 
-13.300000       -0.001767       -0.000095 
-13.280000       -0.007285       -0.000094 
-13.260000       -0.006199       -0.000093 
-13.240000       0.000515       -0.000092 
-13.220000       0.006695       -0.000091 
-13.200000       0.006647       -0.000091 
-13.180000       0.000393       -0.000090 
-13.160000       -0.006331       -0.000089 
-13.140000       -0.007330       -0.000088 
-13.120000       -0.001663       -0.000088 
-13.100000       0.005478       -0.000087 
-13.080000       0.007520       -0.000086 
-13.060000       0.002563       -0.000085 
-13.040000       -0.004852       -0.000085 
-13.020000       -0.007905       -0.000084 
-13.000000       -0.003765       -0.000083 
-12.980000       0.003783       -0.000083 
-12.960000       0.007799       -0.000082 
-12.940000       0.004571       -0.000081 
-12.920000       -0.002955       -0.000080 
-12.900000       -0.007863       -0.000080 
-12.880000       -0.005620       -0.000079 
-12.860000       0.001736       -0.000078 
-12.840000       0.007450       -0.000078 
-12.820000       0.006252       -0.000077 
-12.800000       -0.000781       -0.000076 
-12.780000       -0.007193       -0.000076 
-12.760000       -0.007074       -0.000075 
-12.740000       -0.000507       -0.000074 
-12.720000       0.006485       -0.000074 
-12.700000       0.007463       -0.000073 
-12.680000       0.001502       -0.000072 
-12.660000       -0.005933       -0.000072 
-12.640000       -0.007999       -0.000071 
-12.620000       -0.002769       -0.000070 
-12.600000       0.004968       -0.000070 
-12.580000       0.008095       -0.000069 
-12.560000       0.003714       -0.000069 
-12.540000       -0.004170       -0.000068 
-12.520000       -0.008307       -0.000067 
-12.500000       -0.004870       -0.000067 
-12.480000       0.003007       -0.000066 
-12.460000       0.008085       -0.000066 
-12.440000       0.005675       -0.000065 
-12.420000       -0.002033       -0.000064 
-12.400000       -0.007960       -0.000064 
-12.380000       -0.006637       -0.000063 
-12.360000       0.000748       -0.000063 
-12.340000       0.007417       -0.000062 
-12.320000       0.007223       -0.000061 
-12.300000       0.000317       -0.000061 
-12.280000       -0.006967       -0.000060 
-12.260000       -0.007918       -0.000060 
-12.240000       -0.001633       -0.000059 
-12.220000       0.006129       -0.000059 
-12.200000       0.008223       -0.000058 
-12.180000       0.002696       -0.000057 
-12.160000       -0.005391       -0.000057 
-12.140000       -0.008599       -0.000056 
-12.120000       -0.003949       -0.000056 
-12.100000       0.004308       -0.000055 
-12.080000       0.008580       -0.000055 
-12.060000       0.004915       -0.000054 
-12.040000       -0.003344       -0.000054 
-12.020000       -0.008608       -0.000053 
-12.000000       -0.006012       -0.000053 
-11.980000       0.002086       -0.000052 
-11.960000       0.008250       -0.000051 
-11.940000       0.006792       -0.000051 
-11.920000       -0.000978       -0.000050 
-11.900000       -0.007927       -0.000050 
-11.880000       -0.007649       -0.000049 
-11.860000       -0.000367       -0.000049 
-11.840000       0.007241       -0.000048 
-11.820000       0.008166       -0.000048 
-11.800000       0.001526       -0.000047 
-11.780000       -0.006593       -0.000047 
-11.760000       -0.008716       -0.000046 
-11.740000       -0.002860       -0.000046 
-11.720000       0.005616       -0.000045 
-11.700000       0.008914       -0.000045 
-11.680000       0.003972       -0.000044 
-11.660000       -0.004693       -0.000044 
-11.640000       -0.009113       -0.000043 
-11.620000       -0.005195       -0.000042 
-11.600000       0.003489       -0.000042 
-11.580000       0.008959       -0.000041 
-11.560000       0.006161       -0.000041 
-11.540000       -0.002366       -0.000040 
-11.520000       -0.008789       -0.000040 
-11.500000       -0.007179       -0.000039 
-11.480000       0.001018       -0.000039 
-11.460000       0.008279       -0.000038 
-11.440000       0.007910       -0.000038 
-11.420000       0.000215       -0.000037 
-11.400000       -0.007749       -0.000037 
-11.380000       -0.008643       -0.000036 
-11.360000       -0.001609       -0.000036 
-11.340000       0.006908       -0.000035 
-11.320000       0.009067       -0.000035 
-11.300000       0.002848       -0.000034 
-11.280000       -0.006056       -0.000034 
-11.260000       -0.009453       -0.000033 
-11.240000       -0.004185       -0.000032 
-11.220000       0.004936       -0.000032 
-11.200000       0.009522       -0.000031 
-11.180000       0.005326       -0.000031 
-11.160000       -0.003827       -0.000030 
-11.140000       -0.009525       -0.000030 
-11.120000       -0.006500       -0.000029 
-11.100000       0.002504       -0.000029 
-11.080000       0.009218       -0.000028 
-11.060000       0.007443       -0.000028 
-11.040000       -0.001226       -0.000027 
-11.020000       -0.008833       -0.000026 
-11.000000       -0.008360       -0.000026 
-10.980000       -0.000204       -0.000025 
-10.960000       0.008158       -0.000025 
-10.940000       0.009019       -0.000024 
-10.920000       0.001550       -0.000023 
-10.900000       -0.007407       -0.000023 
-10.880000       -0.009603       -0.000022 
-10.860000       -0.002980       -0.000022 
-10.840000       0.006404       -0.000021 
-10.820000       0.009913       -0.000020 
-10.800000       0.004284       -0.000020 
-10.780000       -0.005341       -0.000019 
-10.760000       -0.010109       -0.000018 
-10.740000       -0.005601       -0.000018 
-10.720000       0.004077       -0.000017 
-10.700000       0.010031       -0.000016 
-10.680000       0.006754       -0.000016 
-10.660000       -0.002779       -0.000015 
-10.640000       -0.009815       -0.000014 
-10.620000       -0.007853       -0.000014 
-10.600000       0.001345       -0.000013 
-10.580000       0.009339       -0.000012 
-10.560000       0.008755       -0.000012 
-10.540000       0.000086       -0.000011 
-10.520000       -0.008718       -0.000010 
-10.500000       -0.009541       -0.000009 
-10.480000       -0.001582       -0.000009 
-10.460000       0.007870       -0.000008 
-10.440000       0.010110       -0.000007 
-10.420000       0.003036       -0.000006 
-10.400000       -0.006880       -0.000005 
-10.380000       -0.010513       -0.000005 
-10.360000       -0.004477       -0.000004 
-10.340000       0.005715       -0.000003 
-10.320000       0.010691       -0.000002 
-10.300000       0.005837       -0.000001 
-10.280000       -0.004426       -0.000000 
-10.260000       -0.010665       0.000001 
-10.240000       -0.007105       0.000002 
-10.220000       0.003026       0.000003 
-10.200000       0.010426       0.000003 
-10.180000       0.008257       0.000004 
-10.160000       -0.001532       0.000005 
-10.140000       -0.009958       0.000006 
-10.120000       -0.009245       0.000007 
-10.100000       0.000003       0.000009 
-10.080000       0.009308       0.000010 
-10.060000       0.010092       0.000011 
-10.040000       0.001586       0.000012 
-10.020000       -0.008420       0.000013 
-10.000000       -0.010707       0.000014 
-9.980000       -0.003123       0.000015 
-9.960000       0.007398       0.000016 
-9.940000       0.011173       0.000018 
-9.920000       0.004684       0.000019 
-9.900000       -0.006144       0.000020 
-9.880000       -0.011351       0.000021 
-9.860000       -0.006102       0.000023 
-9.840000       0.004825       0.000024 
-9.820000       0.011389       0.000026 
-9.800000       0.007513       0.000027 
-9.780000       -0.003288       0.000028 
-9.760000       -0.011095       0.000030 
-9.740000       -0.008690       0.000031 
-9.720000       0.001772       0.000033 
-9.700000       0.010692       0.000034 
-9.680000       0.009838       0.000036 
-9.660000       -0.000061       0.000038 
-9.640000       -0.009928       0.000039 
-9.620000       -0.010663       0.000041 
-9.600000       -0.001532       0.000043 
-9.580000       0.009106       0.000044 
-9.560000       0.011452       0.000046 
-9.540000       0.003294       0.000048 
-9.520000       -0.007908       0.000050 
-9.500000       -0.011839       0.000052 
-9.480000       -0.004829       0.000054 
-9.460000       0.006728       0.000056 
-9.440000       0.012203       0.000058 
-9.420000       0.006511       0.000060 
-9.400000       -0.005165       0.000062 
-9.380000       -0.012094       0.000064 
-9.360000       -0.007852       0.000067 
-9.340000       0.003719       0.000069 
-9.320000       0.011997       0.000072 
-9.300000       0.009328       0.000074 
-9.280000       -0.001893       0.000076 
-9.260000       -0.011370       0.000078 
-9.240000       -0.010348       0.000081 
-9.220000       0.000300       0.000083 
-9.200000       0.010817       0.000087 
-9.180000       0.011504       0.000090 
-9.160000       0.001667       0.000093 
-9.140000       -0.009686       0.000096 
-9.120000       -0.012092       0.000098 
-9.100000       -0.003269       0.000100 
-9.080000       0.008720       0.000103 
-9.060000       0.012841       0.000107 
-9.040000       0.005243       0.000111 
-9.020000       -0.007139       0.000115 
-9.000000       -0.012913       0.000119 
-8.980000       -0.006705       0.000122 
-8.960000       0.005841       0.000124 
-8.940000       0.013198       0.000126 
-8.920000       0.008548       0.000130 
-8.900000       -0.003898       0.000135 
-8.880000       -0.012707       0.000141 
-8.860000       -0.009724       0.000146 
-8.840000       0.002382       0.000150 
-8.820000       0.012510       0.000153 
-8.800000       0.011307       0.000155 
-8.780000       -0.000192       0.000158 
-8.760000       -0.011445       0.000162 
-8.740000       -0.012065       0.000169 
-8.720000       -0.001401       0.000176 
-8.700000       0.010791       0.000183 
-8.680000       0.013278       0.000188 
-8.660000       0.003702       0.000190 
-8.640000       -0.009182       0.000192 
-8.620000       -0.013507       0.000195 
-8.600000       -0.005215       0.000201 
-8.580000       0.008137       0.000210 
-8.560000       0.014272       0.000220 
-8.540000       0.007482       0.000229 
-8.520000       -0.006055       0.000234 
-8.500000       -0.013893       0.000235 
-8.480000       -0.008751       0.000236 
-8.460000       0.004726       0.000239 
-8.440000       0.014169       0.000248 
-8.420000       0.010842       0.000261 
-8.400000       -0.002274       0.000275 
-8.380000       -0.013141       0.000285 
-8.360000       -0.011709       0.000290 
-8.340000       0.000800       0.000289 
-8.320000       0.012932       0.000288 
-8.300000       0.013495       0.000292 
-8.280000       0.001890       0.000304 
-8.260000       -0.011259       0.000323 
-8.240000       -0.013820       0.000342 
-8.220000       -0.003342       0.000355 
-8.200000       0.010613       0.000358 
-8.180000       0.015201       0.000353 
-8.160000       0.006123       0.000350 
-8.140000       -0.008339       0.000355 
-8.120000       -0.014872       0.000372 
-8.100000       -0.007374       0.000399 
-8.080000       0.007353       0.000425 
-8.060000       0.015783       0.000440 
-8.040000       0.010094       0.000439 
-8.020000       -0.004564       0.000429 
-8.000000       -0.014724       0.000421 
-7.980000       -0.010960       0.000429 
-7.960000       0.003375       0.000455 
-7.940000       0.015145       0.000494 
-7.920000       0.013476       0.000529 
-7.900000       -0.000190       0.000545 
-7.880000       -0.013323       0.000538 
-7.860000       -0.013784       0.000518 
-7.840000       -0.001030       0.000505 
-7.820000       0.013286       0.000517 
-7.800000       0.015974       0.000557 
-7.780000       0.004468       0.000613 
-7.760000       -0.010715       0.000659 
-7.740000       -0.015574       0.000674 
-7.720000       -0.005522       0.000655 
-7.700000       0.010301       0.000620 
-7.680000       0.017350       0.000601 
-7.660000       0.009057       0.000621 
-7.640000       -0.007038       0.000683 
-7.620000       -0.016125       0.000762 
-7.600000       -0.009737       0.000821 
-7.580000       0.006380       0.000831 
-7.560000       0.017444       0.000793 
-7.540000       0.013214       0.000737 
-7.520000       -0.002523       0.000711 
-7.500000       -0.015317       0.000746 
-7.480000       -0.013310       0.000840 
-7.460000       0.001798       0.000952 
-7.440000       0.016190       0.001025 
-7.420000       0.016590       0.001023 
-7.400000       0.002522       0.000953 
-7.380000       -0.013133       0.000868 
-7.360000       -0.015908       0.000836 
-7.340000       -0.003101       0.000897 
-7.320000       0.013627       0.001038 
-7.300000       0.018884       0.001192 
-7.280000       0.007732       0.001279 
-7.260000       -0.009658       0.001253 
-7.240000       -0.017257       0.001137 
-7.220000       -0.007927       0.001013 
-7.200000       0.009899       0.000978 
-7.180000       0.019864       0.001081 
-7.160000       0.012713       0.001289 
-7.140000       -0.005084       0.001499 
-7.120000       -0.017160       0.001596 
-7.100000       -0.012275       0.001528 
-7.080000       0.005254       0.001343 
-7.060000       0.019388       0.001169 
-7.040000       0.017066       0.001140 
-7.020000       0.000302       0.001309 
-7.000000       -0.015526       0.001611 
-6.980000       -0.015750       0.001889 
-6.960000       0.000028       0.001987 
-6.940000       0.017427       0.001851 
-6.920000       0.020422       0.001569 
-6.900000       0.006135       0.001334 
-6.880000       -0.012371       0.001325 
-6.860000       -0.017999       0.001595 
-6.840000       -0.005376       0.002026 
-6.820000       0.014065       0.002385 
-6.800000       0.022469       0.002467 
-6.780000       0.011996       0.002223 
-6.760000       -0.007832       0.001809 
-6.740000       -0.018744       0.001503 
-6.720000       -0.010513       0.001541 
-6.700000       0.009506       0.001961 
-6.680000       0.022984       0.002562 
-6.660000       0.017440       0.003013 
-6.640000       -0.002159       0.003048 
-6.620000       -0.017800       0.002643 
-6.600000       -0.014927       0.002053 
-6.580000       0.004063       0.001673 
-6.560000       0.021849       0.001799 
-6.540000       0.022030       0.002433 
-6.520000       0.004296       0.003257 
-6.500000       -0.015102       0.003803 
-6.480000       -0.018188       0.003743 
-6.460000       -0.001859       0.003105 
-6.440000       0.019074       0.002289 
-6.420000       0.025371       0.001839 
-6.400000       0.011104       0.002116 
-6.380000       -0.010710       0.003051 
-6.360000       -0.019918       0.004154 
-6.340000       -0.007783       0.004786 
-6.320000       0.014798       0.004559 
-6.300000       0.027141       0.003596 
-6.280000       0.017779       0.002497 
-6.260000       -0.004817       0.001999 
-6.240000       -0.019830       0.002519 
-6.220000       -0.013200       0.003864 
-6.200000       0.009293       0.005306 
-6.180000       0.027122       0.005998 
-6.160000       0.023820       0.005501 
-6.140000       0.002261       0.004095 
-6.120000       -0.017753       0.002658 
-6.100000       -0.017592       0.002158 
-6.080000       0.002948       0.003046 
-6.060000       0.025223       0.004935 
-6.040000       0.028740       0.006775 
-6.020000       0.010097       0.007470 
-6.000000       -0.013646       0.006561 
-5.980000       -0.020480       0.004571 
-5.960000       -0.003746       0.002746 
-5.940000       0.021496       0.002323 
-5.920000       0.032109       0.003750 
-5.900000       0.018181       0.006342 
-5.880000       -0.007619       0.008631 
-5.860000       -0.021454       0.009231 
-5.840000       -0.010228       0.007722 
-5.820000       0.016143       0.004982 
-5.800000       0.033585       0.002734 
-5.780000       0.025948       0.002516 
-5.760000       0.000073       0.004704 
-5.740000       -0.020211       0.008183 
-5.720000       -0.015902       0.010949 
-5.700000       0.009513       0.011304 
-5.680000       0.032951       0.008949 
-5.660000       0.032821       0.005273 
-5.640000       0.009035       0.002595 
-5.620000       -0.016582       0.002773 
-5.600000       -0.020174       0.006001 
-5.580000       0.002086       0.010568 
-5.560000       0.030136       0.013804 
-5.540000       0.038244       0.013693 
-5.520000       0.018749       0.010189 
-5.500000       -0.010554       0.005375 
-5.480000       -0.022494       0.002306 
-5.460000       -0.005546       0.003149 
-5.440000       0.025234       0.007762 
-5.420000       0.041730       0.013626 
-5.400000       0.028603       0.017271 
-5.380000       -0.002283       0.016388 
-5.360000       -0.022399       0.011362 
-5.340000       -0.012713       0.005209 
-5.320000       0.018509       0.001852 
-5.300000       0.042897       0.003724 
-5.280000       0.037926       0.010133 
-5.260000       0.007904       0.017501 
-5.240000       -0.019552       0.021416 
-5.220000       -0.018707       0.019347 
-5.200000       0.010393       0.012361 
-5.180000       0.041501       0.004677 
-5.160000       0.046029       0.001227 
-5.140000       0.019520       0.004606 
-5.120000       -0.013768       0.013293 
-5.100000       -0.022825       0.022347 
-5.080000       0.001470       0.026287 
-5.060000       0.037469       0.022497 
-5.040000       0.052245       0.013042 
-5.020000       0.031930       0.003671 
-5.000000       -0.005046       0.000439 
-4.980000       -0.024412       0.005937 
-4.960000       -0.007549       0.017446 
-4.940000       0.030909       0.028322 
-4.920000       0.055978       0.031910 
-4.900000       0.044385       0.025716 
-4.880000       0.006420       0.013219 
-4.860000       -0.022909       0.002061 
-4.840000       -0.015858       -0.000488 
-4.820000       0.022126       0.007893 
-4.800000       0.056740       0.022832 
-4.780000       0.056055       0.035591 
-4.760000       0.020234       0.038275 
-4.740000       -0.017896       0.028825 
-4.720000       -0.022601       0.012653 
-4.700000       0.011613       -0.000302 
-4.680000       0.054188       -0.001518 
-4.660000       0.066067       0.010691 
-4.640000       0.035805       0.029720 
-4.620000       -0.009121       0.044312 
-4.600000       -0.026909       0.045325 
-4.580000       0.000042       0.031571 
-4.560000       0.048151       0.011029 
-4.540000       0.073545       -0.003611 
-4.520000       0.052358       -0.002604 
-4.500000       0.003467       0.014588 
-4.480000       -0.027951       0.038422 
-4.460000       -0.011765       0.054649 
-4.440000       0.038645       0.052947 
-4.420000       0.077648       0.033598 
-4.400000       0.068959       0.007929 
-4.380000       0.019704       -0.008123 
-4.360000       -0.024972       -0.003702 
-4.340000       -0.022862       0.019892 
-4.320000       0.025878       0.049305 
-4.300000       0.077599       0.066773 
-4.280000       0.084532       0.060956 
-4.260000       0.039204       0.034404 
-4.240000       -0.017324       0.002765 
-4.220000       -0.032210       -0.014214 
-4.200000       0.010240       -0.004787 
-4.180000       0.072701       0.026987 
-4.160000       0.097887       0.062848 
-4.140000       0.061366       0.080902 
-4.120000       -0.004483       0.069081 
-4.100000       -0.038709       0.033261 
-4.080000       -0.007717       -0.005335 
-4.060000       0.062324       -0.022478 
-4.040000       0.107720       -0.005882 
-4.020000       0.085388       0.036393 
-4.000000       0.013963       0.079746 
-3.980000       -0.041200       0.097386 
-3.960000       -0.027322       0.076939 
-3.940000       0.045863       0.029065 
-3.920000       0.112592       -0.017760 
-3.900000       0.110292       -0.033920 
-3.880000       0.038372       -0.007098 
-3.860000       -0.038441       0.048923 
-3.840000       -0.047826       0.101188 
-3.820000       0.022618       0.116916 
-3.800000       0.110841       0.084009 
-3.780000       0.134958       0.019995 
-3.760000       0.069192       -0.036931 
-3.740000       -0.028981       -0.050387 
-3.720000       -0.068467       -0.008686 
-3.700000       -0.008450       0.066106 
-3.680000       0.100347       0.129564 
-3.660000       0.158155       0.141086 
-3.640000       0.107297       0.089594 
-3.620000       -0.010824       0.002701 
-3.600000       -0.088533       -0.067607 
-3.580000       -0.049266       -0.075633 
-3.560000       0.077953       -0.011111 
-3.540000       0.178581       0.091434 
-3.520000       0.154802       0.170558 
-3.500000       0.019471       0.174104 
-3.480000       -0.107438       0.092760 
-3.460000       -0.104020       -0.030162 
-3.440000       0.037890       -0.120932 
-3.420000       0.194888       -0.118725 
-3.400000       0.217342       -0.015149 
-3.380000       0.069500       0.134948 
-3.360000       -0.124796       0.240984 
-3.340000       -0.183351       0.229474 
-3.320000       -0.033359       0.092264 
-3.300000       0.205702       -0.100089 
-3.280000       0.312187       -0.232152 
-3.260000       0.161352       -0.209720 
-3.240000       -0.140489       -0.022028 
-3.220000       -0.322067       0.238173 
-3.200000       -0.180664       0.414648 
-3.180000       0.209609       0.372750 
-3.160000       0.512822       0.086493 
-3.140000       0.395280       -0.321954 
-3.120000       -0.154672       -0.619274 
-3.100000       -0.723813       -0.564735 
-3.080000       -0.715922       -0.033849 
-3.060000       0.204812       0.899995 
-3.040000       1.795579       1.971461 
-3.020000       3.306090       2.821193 
-3.000000       3.925765       3.144430 
-2.980000       3.307602       2.822190 
-2.960000       1.798029       1.973277 
-2.940000       0.207448       0.902361 
-2.920000       -0.713529       -0.031165 
-2.900000       -0.721508       -0.561813 
-2.880000       -0.151866       -0.616000 
-2.860000       0.399193       -0.318068 
-2.840000       0.518100       0.091293 
-2.820000       0.216101       0.378694 
-2.800000       -0.173277       0.421828 
-2.780000       -0.313955       0.246550 
-2.760000       -0.131524       -0.012561 
-2.740000       0.171475       -0.199247 
-2.720000       0.323712       -0.220674 
-2.700000       0.218644       -0.087514 
-2.680000       -0.019165       0.106075 
-2.660000       -0.168065       0.244642 
-2.640000       -0.108415       0.257563 
-2.620000       0.087143       0.152915 
-2.600000       0.236436       0.004140 
-2.580000       0.215494       -0.098170 
-2.560000       0.059919       -0.099118 
-2.540000       -0.080709       -0.007041 
-2.520000       -0.082898       0.117268 
-2.500000       0.045324       0.200065 
-2.480000       0.182108       0.197995 
-2.460000       0.207417       0.120320 
-2.440000       0.108273       0.019166 
-2.420000       -0.017581       -0.044012 
-2.400000       -0.055562       -0.034654 
-2.380000       0.023459       0.037013 
-2.360000       0.142992       0.125312 
-2.340000       0.195340       0.178246 
-2.320000       0.139005       0.168168 
-2.300000       0.031586       0.106119 
-2.280000       -0.027146       0.032684 
-2.260000       0.013612       -0.007703 
-2.240000       0.113121       0.007052 
-2.220000       0.180295       0.065293 
-2.200000       0.157591       0.130647 
-2.180000       0.070708       0.164910 
-2.160000       0.001510       0.150526 
-2.140000       0.012099       0.099569 
-2.120000       0.090151       0.044806 
-2.100000       0.163371       0.019204 
-2.080000       0.166990       0.036569 
-2.060000       0.101528       0.084603 
-2.040000       0.029522       0.133699 
-2.020000       0.016763       0.155372 
-2.000000       0.073053       0.138939 
-1.980000       0.145653       0.096754 
-1.960000       0.169189       0.055603 
-1.940000       0.124965       0.040098 
-1.920000       0.056017       0.058314 
-1.900000       0.026049       0.097983 
-1.880000       0.061284       0.134881 
-1.860000       0.128177       0.147774 
-1.840000       0.165774       0.130769 
-1.820000       0.141649       0.095920 
-1.800000       0.080184       0.065119 
-1.780000       0.038656       0.056633 
-1.760000       0.054434       0.074539 
-1.740000       0.111873       0.107100 
-1.720000       0.158145       0.134574 
-1.700000       0.152154       0.141301 
-1.680000       0.101324       0.124720 
-1.660000       0.053406       0.096158 
-1.640000       0.052072       0.073380 
-1.620000       0.097529       0.069749 
-1.600000       0.147595       0.086576 
-1.580000       0.157105       0.113015 
-1.560000       0.118886       0.133128 
-1.540000       0.069196       0.135581 
-1.520000       0.053678       0.120080 
-1.500000       0.085755       0.096942 
-1.480000       0.135328       0.080414 
-1.460000       0.157214       0.080048 
-1.440000       0.132498       0.095317 
-1.420000       0.085010       0.116480 
-1.400000       0.058625       0.130848 
-1.380000       0.076958       0.130435 
-1.360000       0.122444       0.116419 
-1.340000       0.153287       0.097938 
-1.320000       0.141982       0.086250 
-1.300000       0.099934       0.087968 
-1.280000       0.066191       0.101413 
-1.260000       0.071336       0.118069 
-1.240000       0.109914       0.127993 
-1.220000       0.146204       0.125768 
-1.200000       0.147361       0.113448 
-1.180000       0.113184       0.098923 
-1.160000       0.075584       0.090932 
-1.140000       0.068880       0.093857 
-1.120000       0.098554       0.105379 
-1.100000       0.136884       0.118233 
-1.080000       0.148852       0.124775 
-1.060000       0.124135       0.121521 
-1.040000       0.085983       0.110959 
-1.020000       0.069384       0.099743 
-1.000000       0.089002       0.094520 
-0.980000       0.126245       0.098012 
-0.960000       0.146845       0.107635 
-0.940000       0.132341       0.117334 
-0.920000       0.096576       0.121360 
-0.900000       0.072472       0.117641 
-0.880000       0.081699       0.108792 
-0.860000       0.115167       0.100293 
-0.840000       0.141876       0.097086 
-0.820000       0.137546       0.100696 
-0.800000       0.106606       0.108533 
-0.780000       0.077631       0.115664 
-0.760000       0.076886       0.117870 
-0.740000       0.104445       0.114080 
-0.720000       0.134589       0.106822 
-0.700000       0.139688       0.100508 
-0.680000       0.115408       0.098719 
-0.660000       0.084255       0.102149 
-0.640000       0.074607       0.108368 
-0.620000       0.094757       0.113454 
-0.600000       0.125694       0.114389 
-0.580000       0.138886       0.110785 
-0.560000       0.122443       0.104949 
-0.540000       0.091682       0.100353 
-0.520000       0.074721       0.099516 
-0.500000       0.086635       0.102584 
-0.480000       0.115927       0.107390 
-0.460000       0.135427       0.110881 
-0.440000       0.127322       0.110970 
-0.420000       0.099247       0.107705 
-0.400000       0.076930       0.103098 
-0.380000       0.080446       0.099820 
-0.360000       0.105996       0.099582 
-0.340000       0.129733       0.102195 
-0.320000       0.129820       0.105802 
-0.300000       0.106318       0.108081 
-0.280000       0.080808       0.107644 
-0.260000       0.076382       0.104789 
-0.240000       0.096552       0.101211 
-0.220000       0.122330       0.098918 
-0.200000       0.129881       0.099022 
-0.180000       0.112341       0.101153 
-0.160000       0.085843       0.103770 
-0.140000       0.074466       0.105153 
-0.120000       0.088146       0.104420 
-0.100000       0.113806       0.101992 
-0.080000       0.127609       0.099254 
-0.060000       0.116867       0.097674 
-0.040000       0.091472       0.097939 
-0.020000       0.074559       0.099603 
-0.000000       0.081204       0.101427 
0.020000       0.104770       0.102166 
0.040000       0.123252       0.101297 
0.060000       0.119578       0.099277 
0.080000       0.097128       0.097203 
0.100000       0.076386       0.096125 
0.120000       0.076010       0.096431 
0.140000       0.095814       0.097670 
0.160000       0.117181       0.098874 
0.180000       0.120299       0.099167 
0.200000       0.102276       0.098267 
0.220000       0.079564       0.096613 
0.240000       0.072696       0.095051 
0.260000       0.087474       0.094311 
0.280000       0.109849       0.094585 
0.300000       0.119004       0.095457 
0.320000       0.106450       0.096191 
0.340000       0.083635       0.096186 
0.360000       0.071247       0.095318 
0.380000       0.080197       0.093977 
0.400000       0.101766       0.092800 
0.420000       0.115805       0.092277 
0.440000       0.109281       0.092480 
0.460000       0.088105       0.093047 
0.480000       0.071510       0.093433 
0.500000       0.074321       0.093239 
0.520000       0.093454       0.092436 
0.540000       0.110940       0.091354 
0.560000       0.110518       0.090458 
0.580000       0.092479       0.090068 
0.600000       0.073215       0.090183 
0.620000       0.070055       0.090506 
0.640000       0.085414       0.090642 
0.660000       0.104748       0.090336 
0.680000       0.110038       0.089613 
0.700000       0.096300       0.088736 
0.720000       0.076002       0.088040 
0.740000       0.067476       0.087724 
0.760000       0.078093       0.087751 
0.780000       0.097640       0.087884 
0.800000       0.107847       0.087846 
0.820000       0.099176       0.087481 
0.840000       0.079453       0.086837 
0.860000       0.066529       0.086121 
0.880000       0.071854       0.085563 
0.900000       0.090066       0.085283 
0.920000       0.104075       0.085229 
0.940000       0.100808       0.085220 
0.960000       0.083125       0.085065 
0.980000       0.067045       0.084675 
1.000000       0.066958       0.084104 
1.020000       0.082483       0.083508 
1.040000       0.098959       0.083044 
1.060000       0.101003       0.082778 
1.080000       0.086584       0.082655 
1.100000       0.068752       0.082543 
1.120000       0.063553       0.082313 
1.140000       0.075319       0.081918 
1.160000       0.092819       0.081410 
1.180000       0.099686       0.080902 
1.200000       0.089436       0.080499 
1.220000       0.071309       0.080234 
1.240000       0.061665       0.080057 
1.260000       0.068948       0.079873 
1.280000       0.086035       0.079597 
1.300000       0.096898       0.079209 
1.320000       0.091354       0.078753 
1.340000       0.074328       0.078310 
1.360000       0.061208       0.077946 
1.380000       0.063665       0.077676 
1.400000       0.079010       0.077458 
1.420000       0.092785       0.077225 
1.440000       0.092098       0.076924 
1.460000       0.077411       0.076548 
1.480000       0.061993       0.076134 
1.500000       0.059667       0.075737 
1.520000       0.072148       0.075398 
1.540000       0.087587       0.075121 
1.560000       0.091529       0.074874 
1.580000       0.080173       0.074610 
1.600000       0.063751       0.074297 
1.620000       0.057047       0.073935 
1.640000       0.065819       0.073554 
1.660000       0.081612       0.073189 
1.680000       0.089615       0.072867 
1.700000       0.082277       0.072584 
1.720000       0.066154       0.072317 
1.740000       0.055789       0.072034 
1.760000       0.060333       0.071718 
1.780000       0.075212       0.071371 
1.800000       0.086427       0.071015 
1.820000       0.083453       0.070674 
1.840000       0.068842       0.070362 
1.860000       0.055780       0.070075 
1.880000       0.055927       0.069796 
1.900000       0.068755       0.069504 
1.920000       0.082128       0.069190 
1.940000       0.083514       0.068857 
1.960000       0.071455       0.068521 
1.980000       0.056818       0.068197 
2.000000       0.052744       0.067893 
2.020000       0.062597       0.067604 
2.040000       0.076962       0.067318 
2.060000       0.082368       0.067024 
2.080000       0.073655       0.066714 
2.100000       0.058633       0.066393 
2.120000       0.050829       0.066073 
2.140000       0.057056       0.065762 
2.160000       0.071225       0.065464 
2.180000       0.080021       0.065176 
2.200000       0.075155       0.064888 
2.220000       0.060911       0.064594 
2.240000       0.050134       0.064291 
2.260000       0.052392       0.063982 
2.280000       0.065246       0.063674 
2.300000       0.076571       0.063374 
2.320000       0.075733       0.063082 
2.340000       0.063321       0.062796 
2.360000       0.050519       0.062510 
2.380000       0.048787       0.062219 
2.400000       0.059361       0.061923 
2.420000       0.072196       0.061624 
2.440000       0.075252       0.061327 
2.460000       0.065535       0.061035 
2.480000       0.051773       0.060749 
2.500000       0.046337       0.060467 
2.520000       0.053883       0.060184 
2.540000       0.067140       0.059899 
2.560000       0.073661       0.059610 
2.580000       0.067259       0.059321 
2.600000       0.053629       0.059033 
2.620000       0.045050       0.058749 
2.640000       0.049085       0.058469 
2.660000       0.061691       0.058192 
2.680000       0.071000       0.057914 
2.700000       0.068250       0.057634 
2.720000       0.055789       0.057354 
2.740000       0.044845       0.057073 
2.760000       0.045180       0.056794 
2.780000       0.056155       0.056518 
2.800000       0.067389       0.056244 
2.820000       0.068334       0.055972 
2.840000       0.057944       0.055700 
2.860000       0.045565       0.055427 
2.880000       0.042304       0.055154 
2.900000       0.050837       0.054881 
2.920000       0.063019       0.054610 
2.940000       0.067415       0.054342 
2.960000       0.059803       0.054075 
2.980000       0.046993       0.053809 
3.000000       0.040511       0.053543 
3.020000       0.046013       0.053277 
3.040000       0.058132       0.053012 
3.060000       0.065479       0.052747 
3.080000       0.061110       0.052484 
3.100000       0.048865       0.052222 
3.120000       0.039776       0.051962 
3.140000       0.041913       0.051703 
3.160000       0.053006       0.051444 
3.180000       0.062594       0.051185 
3.200000       0.061664       0.050927 
3.220000       0.050899       0.050670 
3.240000       0.039993       0.050415 
3.260000       0.038707       0.050160 
3.280000       0.047926       0.049907 
3.300000       0.058901       0.049654 
3.320000       0.061331       0.049403 
3.340000       0.052812       0.049151 
3.360000       0.040991       0.048901 
3.380000       0.036492       0.048651 
3.400000       0.043165       0.048403 
3.420000       0.054598       0.048156 
3.440000       0.060054       0.047909 
3.460000       0.054345       0.047664 
3.480000       0.042547       0.047419 
3.500000       0.035286       0.047175 
3.520000       0.038966       0.046932 
3.540000       0.049926       0.046690 
3.560000       0.057852       0.046449 
3.580000       0.055278       0.046209 
3.600000       0.044406       0.045970 
3.620000       0.035032       0.045731 
3.640000       0.035521       0.045494 
3.660000       0.045148       0.045257 
3.680000       0.054817       0.045021 
3.700000       0.055449       0.044786 
3.720000       0.046303       0.044553 
3.740000       0.035606       0.044320 
3.760000       0.032959       0.044088 
3.780000       0.040529       0.043856 
3.800000       0.051104       0.043626 
3.820000       0.054762       0.043397 
3.840000       0.047979       0.043168 
3.860000       0.036825       0.042940 
3.880000       0.031341       0.042714 
3.900000       0.036314       0.042488 
3.920000       0.046918       0.042263 
3.940000       0.053193       0.042039 
3.960000       0.049206       0.041816 
3.980000       0.038466       0.041593 
4.000000       0.030653       0.041372 
4.020000       0.032712       0.041151 
4.040000       0.042495       0.040932 
4.060000       0.050790       0.040713 
4.080000       0.049799       0.040495 
4.100000       0.040283       0.040278 
4.120000       0.030815       0.040062 
4.140000       0.029878       0.039847 
4.160000       0.038085       0.039632 
4.180000       0.047665       0.039419 
4.200000       0.049631       0.039206 
4.220000       0.042028       0.038994 
4.240000       0.031685       0.038784 
4.260000       0.027907       0.038574 
4.280000       0.033929       0.038365 
4.300000       0.043985       0.038156 
4.320000       0.048642       0.037949 
4.340000       0.043468       0.037742 
4.360000       0.033072       0.037537 
4.380000       0.026825       0.037332 
4.400000       0.030245       0.037128 
4.420000       0.039958       0.036925 
4.440000       0.046837       0.036723 
4.460000       0.044405       0.036521 
4.480000       0.034757       0.036321 
4.500000       0.026593       0.036121 
4.520000       0.027209       0.035922 
4.540000       0.035812       0.035724 
4.560000       0.044289       0.035527 
4.580000       0.044687       0.035331 
4.600000       0.036504       0.035136 
4.620000       0.027108       0.034941 
4.640000       0.024944       0.034747 
4.660000       0.031781       0.034555 
4.680000       0.041126       0.034363 
4.700000       0.044220       0.034171 
4.720000       0.038084       0.033981 
4.740000       0.028216       0.033792 
4.760000       0.023512       0.033603 
4.780000       0.028086       0.033415 
4.800000       0.037523       0.033228 
4.820000       0.042974       0.033042 
4.840000       0.039289       0.032856 
4.860000       0.029723       0.032672 
4.880000       0.022910       0.032488 
4.900000       0.024915       0.032305 
4.920000       0.033688       0.032123 
4.940000       0.040982       0.031942 
4.960000       0.039949       0.031762 
4.980000       0.031412       0.031582 
5.000000       0.023074       0.031403 
5.020000       0.022415       0.031225 
5.040000       0.029840       0.031048 
5.060000       0.038336       0.030872 
5.080000       0.039945       0.030696 
5.100000       0.033063       0.030521 
5.120000       0.023884       0.030347 
5.140000       0.020677       0.030174 
5.160000       0.026196       0.030002 
5.180000       0.035179       0.029830 
5.200000       0.039212       0.029659 
5.220000       0.034464       0.029489 
5.240000       0.025176       0.029320 
5.260000       0.019733       0.029151 
5.280000       0.022954       0.028984 
5.300000       0.031691       0.028817 
5.320000       0.037750       0.028651 
5.340000       0.035434       0.028486 
5.360000       0.026756       0.028321 
5.380000       0.019554       0.028157 
5.400000       0.020277       0.027994 
5.420000       0.028075       0.027832 
5.440000       0.035614       0.027671 
5.460000       0.035831       0.027510 
5.480000       0.028415       0.027350 
5.500000       0.020056       0.027191 
5.520000       0.018281       0.027032 
5.540000       0.024541       0.026875 
5.560000       0.032913       0.026718 
5.580000       0.035564       0.026562 
5.600000       0.029945       0.026406 
5.620000       0.021106       0.026252 
5.640000       0.017027       0.026098 
5.660000       0.021287       0.025945 
5.680000       0.029801       0.025792 
5.700000       0.034598       0.025640 
5.720000       0.031157       0.025490 
5.740000       0.022533       0.025339 
5.760000       0.016522       0.025190 
5.780000       0.018489       0.025041 
5.800000       0.026459       0.024893 
5.820000       0.032956       0.024746 
5.840000       0.031893       0.024599 
5.860000       0.024144       0.024453 
5.880000       0.016713       0.024308 
5.900000       0.016283       0.024164 
5.920000       0.023084       0.024020 
5.940000       0.030715       0.023877 
5.960000       0.032039       0.023735 
5.980000       0.025740       0.023593 
6.000000       0.017499       0.023453 
6.020000       0.014756       0.023312 
6.040000       0.019875       0.023173 
6.060000       0.027997       0.023034 
6.080000       0.031531       0.022896 
6.100000       0.027129       0.022759 
6.120000       0.018736       0.022622 
6.140000       0.013945       0.022486 
6.160000       0.017010       0.022351 
6.180000       0.024963       0.022216 
6.200000       0.030361       0.022082 
6.220000       0.028142       0.021949 
6.240000       0.020251       0.021817 
6.260000       0.013830       0.021685 
6.280000       0.014643       0.021554 
6.300000       0.021793       0.021423 
6.320000       0.028574       0.021293 
6.340000       0.028647       0.021164 
6.360000       0.021854       0.021035 
6.380000       0.014339       0.020908 
6.400000       0.012882       0.020780 
6.420000       0.018677       0.020654 
6.440000       0.026263       0.020528 
6.460000       0.028555       0.020403 
6.480000       0.023358       0.020278 
6.500000       0.015357       0.020154 
6.520000       0.011790       0.020031 
6.540000       0.015799       0.019908 
6.560000       0.023562       0.019786 
6.580000       0.027829       0.019665 
6.600000       0.024588       0.019544 
6.620000       0.016732       0.019424 
6.640000       0.011379       0.019304 
6.660000       0.013319       0.019186 
6.680000       0.020634       0.019067 
6.700000       0.026483       0.018950 
6.720000       0.025396       0.018833 
6.740000       0.018292       0.018716 
6.760000       0.011606       0.018601 
6.780000       0.011365       0.018485 
6.800000       0.017659       0.018371 
6.820000       0.024581       0.018257 
6.840000       0.025674       0.018144 
6.860000       0.019853       0.018031 
6.880000       0.012383       0.017919 
6.900000       0.010023       0.017807 
6.920000       0.014815       0.017697 
6.940000       0.022233       0.017586 
6.960000       0.025358       0.017477 
6.980000       0.021239       0.017367 
7.000000       0.013584       0.017259 
7.020000       0.009331       0.017151 
7.040000       0.012270       0.017044 
7.060000       0.019579       0.016937 
7.080000       0.024435       0.016831 
7.100000       0.022295       0.016725 
7.120000       0.015052       0.016620 
7.140000       0.009276       0.016516 
7.160000       0.010166       0.016412 
7.180000       0.016784       0.016308 
7.200000       0.022940       0.016206 
7.220000       0.022894       0.016103 
7.240000       0.016616       0.016002 
7.260000       0.009799       0.015901 
7.280000       0.008607       0.015800 
7.300000       0.014020       0.015700 
7.320000       0.020955       0.015601 
7.340000       0.022951       0.015502 
7.360000       0.018103       0.015404 
7.380000       0.010797       0.015306 
7.400000       0.007655       0.015209 
7.420000       0.011458       0.015112 
7.440000       0.018599       0.015016 
7.460000       0.022426       0.014920 
7.480000       0.019351       0.014825 
7.500000       0.012134       0.014731 
7.520000       0.007326       0.014636 
7.540000       0.009245       0.014543 
7.560000       0.016019       0.014450 
7.580000       0.021328       0.014358 
7.600000       0.020221       0.014266 
7.620000       0.013653       0.014174 
7.640000       0.007587       0.014083 
7.660000       0.007505       0.013993 
7.680000       0.013378       0.013903 
7.700000       0.019712       0.013814 
7.720000       0.020610       0.013725 
7.740000       0.015186       0.013636 
7.760000       0.008360       0.013549 
7.780000       0.006320       0.013461 
7.800000       0.010841       0.013374 
7.820000       0.017672       0.013288 
7.840000       0.020455       0.013202 
7.860000       0.016572       0.013117 
7.880000       0.009532       0.013032 
7.900000       0.005729       0.012947 
7.920000       0.008565       0.012864 
7.940000       0.015336       0.012780 
7.960000       0.019738       0.012697 
7.980000       0.017663       0.012615 
8.000000       0.010962       0.012533 
8.020000       0.005726       0.012451 
8.040000       0.006681       0.012370 
8.060000       0.012854       0.012289 
8.080000       0.018488       0.012209 
8.100000       0.018340       0.012130 
8.120000       0.012493       0.012050 
8.140000       0.006260       0.011972 
8.160000       0.005291       0.011893 
8.180000       0.010385       0.011816 
8.200000       0.016775       0.011738 
8.220000       0.018520       0.011661 
8.240000       0.013964       0.011585 
8.260000       0.007240       0.011509 
8.280000       0.004457       0.011433 
8.300000       0.008086       0.011358 
8.320000       0.014707       0.011283 
8.340000       0.018163       0.011209 
8.360000       0.015225       0.011135 
8.380000       0.008543       0.011062 
8.400000       0.004196       0.010989 
8.420000       0.006098       0.010916 
8.440000       0.012417       0.010844 
8.460000       0.017271       0.010773 
8.480000       0.016145       0.010701 
8.500000       0.010026       0.010630 
8.520000       0.004482       0.010560 
8.540000       0.004536       0.010490 
8.560000       0.010055       0.010420 
8.580000       0.015891       0.010351 
8.600000       0.016624       0.010283 
8.620000       0.011534       0.010214 
8.640000       0.005249       0.010146 
8.660000       0.003480       0.010079 
8.680000       0.007774       0.010012 
8.700000       0.014108       0.009945 
8.720000       0.016600       0.009879 
8.740000       0.012915       0.009813 
8.760000       0.006394       0.009747 
8.780000       0.002972       0.009682 
8.800000       0.005721       0.009617 
8.820000       0.012038       0.009553 
8.840000       0.016054       0.009489 
8.860000       0.014031       0.009425 
8.880000       0.007788       0.009362 
8.900000       0.003009       0.009299 
8.920000       0.004020       0.009237 
8.940000       0.009817       0.009175 
8.960000       0.015006       0.009113 
8.980000       0.014770       0.009052 
9.000000       0.009286       0.008991 
9.020000       0.003548       0.008930 
9.040000       0.002769       0.008870 
9.060000       0.007593       0.008810 
9.080000       0.013520       0.008751 
9.100000       0.015050       0.008692 
9.120000       0.010739       0.008633 
9.140000       0.004508       0.008575 
9.160000       0.002030       0.008517 
9.180000       0.005514       0.008459 
9.200000       0.011691       0.008402 
9.220000       0.014830       0.008345 
9.240000       0.012006       0.008288 
9.260000       0.005778       0.008232 
9.280000       0.001822       0.008176 
9.300000       0.003711       0.008120 
9.320000       0.009642       0.008065 
9.340000       0.014108       0.008010 
9.360000       0.012963       0.007956 
9.380000       0.007225       0.007902 
9.400000       0.002125       0.007848 
9.420000       0.002294       0.007794 
9.440000       0.007512       0.007741 
9.460000       0.012925       0.007688 
9.480000       0.013514       0.007635 
9.500000       0.008705       0.007583 
9.520000       0.002881       0.007531 
9.540000       0.001343       0.007480 
9.560000       0.005444       0.007429 
9.580000       0.011355       0.007378 
9.600000       0.013597       0.007327 
9.620000       0.010076       0.007277 
9.640000       0.003996       0.007227 
9.660000       0.000900       0.007177 
9.680000       0.003575       0.007128 
9.700000       0.009505       0.007079 
9.720000       0.013190       0.007030 
9.740000       0.011209       0.006981 
9.760000       0.005353       0.006933 
9.780000       0.000965       0.006886 
9.800000       0.002025       0.006838 
9.820000       0.007501       0.006791 
9.840000       0.012309       0.006744 
9.860000       0.011995       0.006697 
9.880000       0.006818       0.006651 
9.900000       0.001502       0.006605 
9.920000       0.000887       0.006559 
9.940000       0.005481       0.006514 
9.960000       0.011010       0.006468 
9.980000       0.012354       0.006424 
10.000000       0.008250       0.006379 
10.020000       0.002439       0.006335 
10.040000       0.000221       0.006291 
10.060000       0.003582       0.006247 
10.080000       0.009380       0.006203 
10.100000       0.012246       0.006160 
10.120000       0.009516       0.006117 
10.140000       0.003674       0.006075 
10.160000       0.000052       0.006032 
10.180000       0.001931       0.005990 
10.200000       0.007532       0.005948 
10.220000       0.011664       0.005907 
10.240000       0.010499       0.005866 
10.260000       0.005083       0.005825 
10.280000       0.000363       0.005784 
10.300000       0.000633       0.005743 
10.320000       0.005594       0.005703 
10.340000       0.010642       0.005663 
10.360000       0.011105       0.005623 
10.380000       0.006533       0.005584 
10.400000       0.001103       0.005545 
10.420000       -0.000235       0.005506 
10.440000       0.003702       0.005467 
10.460000       0.009249       0.005429 
10.480000       0.011273       0.005390 
10.500000       0.007891       0.005352 
10.520000       0.002187       0.005315 
10.540000       -0.000630       0.005277 
10.560000       0.001984       0.005240 
10.580000       0.007582       0.005203 
10.600000       0.010980       0.005166 
10.620000       0.009032       0.005130 
10.640000       0.003506       0.005093 
10.660000       -0.000548       0.005057 
10.680000       0.000556       0.005022 
10.700000       0.005757       0.004986 
10.720000       0.010237       0.004951 
10.740000       0.009852       0.004916 
10.760000       0.004935       0.004881 
10.780000       -0.000019       0.004846 
10.800000       -0.000492       0.004812 
10.820000       0.003906       0.004778 
10.840000       0.009093       0.004744 
10.860000       0.010274       0.004710 
10.880000       0.006343       0.004676 
10.900000       0.000892       0.004643 
10.920000       -0.001101       0.004610 
10.940000       0.002156       0.004577 
10.960000       0.007628       0.004545 
10.980000       0.010255       0.004512 
11.000000       0.007602       0.004480 
11.020000       0.002089       0.004448 
11.040000       -0.001244       0.004416 
11.060000       0.000629       0.004385 
11.080000       0.005946       0.004353 
11.100000       0.009787       0.004322 
11.120000       0.008601       0.004291 
11.140000       0.003460       0.004260 
11.160000       -0.000933       0.004230 
11.180000       -0.000575       0.004200 
11.200000       0.004167       0.004169 
11.220000       0.008899       0.004139 
11.240000       0.009249       0.004110 
11.260000       0.004879       0.004080 
11.280000       -0.000214       0.004051 
11.300000       -0.001378       0.004022 
11.320000       0.002419       0.003993 
11.340000       0.007653       0.003964 
11.360000       0.009487       0.003935 
11.380000       0.006219       0.003907 
11.400000       0.000836       0.003879 
11.420000       -0.001739       0.003851 
11.440000       0.000825       0.003823 
11.460000       0.006137       0.003796 
11.480000       0.009286       0.003768 
11.500000       0.007361       0.003741 
11.520000       0.002116       0.003714 
11.540000       -0.001649       0.003687 
11.560000       -0.000505       0.003660 
11.580000       0.004461       0.003634 
11.600000       0.008656       0.003607 
11.620000       0.008205       0.003581 
11.640000       0.003509       0.003555 
11.660000       -0.001134       0.003529 
11.680000       -0.001483       0.003504 
11.700000       0.002748       0.003478 
11.720000       0.007640       0.003453 
11.740000       0.008676       0.003428 
11.760000       0.004890       0.003403 
11.780000       -0.000253       0.003378 
11.800000       -0.002049       0.003354 
11.820000       0.001120       0.003329 
11.840000       0.006312       0.003305 
11.860000       0.008730       0.003281 
11.880000       0.006139       0.003257 
11.900000       0.000907       0.003233 
11.920000       -0.002177       0.003210 
11.940000       -0.000307       0.003186 
11.960000       0.004767       0.003163 
11.980000       0.008356       0.003140 
12.000000       0.007147       0.003117 
12.020000       0.002239       0.003094 
12.040000       -0.001873       0.003071 
12.060000       -0.001435       0.003049 
12.080000       0.003119       0.003026 
12.100000       0.007579       0.003004 
12.120000       0.007827       0.002982 
12.140000       0.003625       0.002960 
12.160000       -0.001178       0.002938 
12.180000       -0.002191       0.002917 
12.200000       0.001490       0.002895 
12.220000       0.006453       0.002874 
12.240000       0.008119       0.002853 
12.260000       0.004945       0.002832 
12.280000       -0.000163       0.002811 
12.300000       -0.002528       0.002790 
12.320000       -0.000004       0.002770 
12.340000       0.005063       0.002749 
12.360000       0.007994       0.002729 
12.380000       0.006084       0.002709 
12.400000       0.001078       0.002689 
12.420000       -0.002438       0.002669 
12.440000       -0.001256       0.002649 
12.460000       0.003510       0.002630 
12.480000       0.007458       0.002610 
12.500000       0.006945       0.002591 
12.520000       0.002434       0.002572 
12.540000       -0.001941       0.002553 
12.560000       -0.002180       0.002534 
12.580000       0.001911       0.002515 
12.600000       0.006548       0.002496 
12.620000       0.007455       0.002478 
12.640000       0.003788       0.002459 
12.660000       -0.001091       0.002441 
12.680000       -0.002717       0.002423 
12.700000       0.000382       0.002405 
12.720000       0.005333       0.002387 
12.740000       0.007568       0.002369 
12.760000       0.005024       0.002352 
12.780000       0.000031       0.002334 
12.800000       -0.002837       0.002317 
12.820000       -0.000965       0.002299 
12.840000       0.003901       0.002282 
12.860000       0.007272       0.002265 
12.880000       0.006037       0.002248 
12.900000       0.001325       0.002232 
12.920000       -0.002545       0.002215 
12.940000       -0.002036       0.002198 
12.960000       0.002362       0.002182 
12.980000       0.006586       0.002166 
13.000000       0.006741       0.002149 
13.020000       0.002679       0.002133 
13.040000       -0.001877       0.002117 
13.060000       -0.002755       0.002101 
13.080000       0.000829       0.002086 
13.100000       0.005561       0.002070 
13.120000       0.007077       0.002054 
13.140000       0.003978       0.002039 
13.160000       -0.000897       0.002024 
13.180000       -0.003080       0.002008 
13.200000       -0.000585       0.001993 
13.220000       0.004274       0.001978 
13.240000       0.007015       0.001963 
13.260000       0.005111       0.001949 
13.280000       0.000306       0.001934 
13.300000       -0.002995       0.001919 
13.320000       -0.001775       0.001905 
13.340000       0.002823       0.001891 
13.360000       0.006556       0.001876 
13.380000       0.005985       0.001862 
13.400000       0.001627       0.001848 
13.420000       -0.002519       0.001834 
13.440000       -0.002659       0.001820 
13.460000       0.001316       0.001807 
13.480000       0.005735       0.001793 
13.500000       0.006525       0.001779 
13.520000       0.002955       0.001766 
13.540000       -0.001702       0.001752 
13.560000       -0.003177       0.001739 
13.580000       -0.000133       0.001726 
13.600000       0.004613       0.001713 
13.620000       0.006687       0.001700 
13.640000       0.004177       0.001687 
13.660000       -0.000616       0.001674 
13.680000       -0.003297       0.001662 
13.700000       -0.001418       0.001649 
13.720000       0.003275       0.001636 
13.740000       0.006455       0.001624 
13.760000       0.005192       0.001612 
13.780000       0.000642       0.001599 
13.800000       -0.003021       0.001587 
13.820000       -0.002444       0.001575 
13.840000       0.001824       0.001563 
13.860000       0.005845       0.001551 
13.880000       0.005916       0.001539 
13.900000       0.001966       0.001528 
13.920000       -0.002380       0.001516 
13.940000       -0.003140       0.001504 
13.960000       0.000368       0.001493 
13.980000       0.004904       0.001481 
14.000000       0.006288       0.001470 
14.020000       0.003244       0.001459 
14.040000       -0.001435       0.001448 
14.060000       -0.003458       0.001437 
14.080000       -0.000982       0.001426 
14.100000       0.003703       0.001415 
14.120000       0.006278       0.001404 
14.140000       0.004372       0.001393 
14.160000       -0.000268       0.001382 
14.180000       -0.003384       0.001372 
14.200000       -0.002126       0.001361 
14.220000       0.002334       0.001351 
14.240000       0.005884       0.001340 
14.260000       0.005255       0.001330 
14.280000       0.001021       0.001320 
14.300000       -0.002932       0.001310 
14.320000       -0.002982       0.001300 
14.340000       0.000902       0.001290 
14.360000       0.005136       0.001280 
14.380000       0.005821       0.001270 
14.400000       0.002324       0.001260 
14.420000       -0.002145       0.001250 
14.440000       -0.003488       0.001241 
14.460000       -0.000485       0.001231 
14.480000       0.004091       0.001222 
14.500000       0.006024       0.001212 
14.520000       0.003534       0.001203 
14.540000       -0.001095       0.001194 
14.560000       -0.003614       0.001184 
14.580000       -0.001721       0.001175 
14.600000       0.002830       0.001166 
14.620000       0.005846       0.001157 
14.640000       0.004550       0.001148 
14.660000       0.000130       0.001139 
14.680000       -0.003356       0.001130 
14.700000       -0.002716       0.001122 
14.720000       0.001450       0.001113 
14.740000       0.005300       0.001104 
14.760000       0.005291       0.001096 
14.780000       0.001427       0.001087 
14.800000       -0.002743       0.001079 
14.820000       -0.003396       0.001071 
14.840000       0.000056       0.001062 
14.860000       0.004428       0.001054 
14.880000       0.005695       0.001046 
14.900000       0.002688       0.001038 
14.920000       -0.001831       0.001030 
14.940000       -0.003716       0.001022 
14.960000       -0.001246       0.001014 
14.980000       0.003297       0.001006 
15.000000       0.005729       0.000998 
15.020000       0.003811       0.000990 
15.040000       -0.000697       0.000982 
15.060000       -0.003656       0.000975 
15.080000       -0.002356       0.000967 
15.100000       0.001995       0.000960 
15.120000       0.005390       0.000952 
15.140000       0.004703       0.000945 
15.160000       0.000564       0.000937 
15.180000       -0.003227       0.000930 
15.200000       -0.003194       0.000923 
15.220000       0.000622       0.000915 
15.240000       0.004703       0.000908 
15.260000       0.005292       0.000901 
15.280000       0.001846       0.000894 
15.300000       -0.002471       0.000887 
15.320000       -0.003697       0.000880 
15.340000       -0.000716       0.000873 
15.360000       0.003722       0.000866 
15.380000       0.005531       0.000860 
15.400000       0.003046       0.000853 
15.420000       -0.001452       0.000846 
15.440000       -0.003833       0.000839 
15.460000       -0.001918       0.000833 
15.480000       0.002523       0.000826 
15.500000       0.005400       0.000820 
15.520000       0.004065       0.000813 
15.540000       -0.000256       0.000807 
15.560000       -0.003596       0.000801 
15.580000       -0.002892       0.000794 
15.600000       0.001198       0.000788 
15.620000       0.004907       0.000782 
15.640000       0.004822       0.000776 
15.660000       0.001018       0.000770 
15.680000       -0.003010       0.000764 
15.700000       -0.003566       0.000758 
15.720000       -0.000149       0.000752 
15.740000       0.004093       0.000746 
15.760000       0.005254       0.000740 
15.780000       0.002266       0.000734 
15.800000       -0.002127       0.000728 
15.820000       -0.003892       0.000722 
15.840000       -0.001415       0.000717 
15.860000       0.003018       0.000711 
15.880000       0.005328       0.000705 
15.900000       0.003387       0.000700 
15.920000       -0.001021       0.000694 
15.940000       -0.003849       0.000689 
15.960000       -0.002504       0.000683 
15.980000       0.001769       0.000678 
16.000000       0.005035       0.000672 
16.020000       0.004289       0.000667 
16.040000       0.000215       0.000662 
16.060000       -0.003445       0.000657 
16.080000       -0.003333       0.000651 
16.100000       0.000441       0.000646 
16.120000       0.004400       0.000641 
16.140000       0.004901       0.000636 
16.160000       0.001482       0.000631 
16.180000       -0.002716       0.000626 
16.200000       -0.003840       0.000621 
16.220000       -0.000863       0.000616 
16.240000       0.003470       0.000611 
16.260000       0.005173       0.000606 
16.280000       0.002677       0.000601 
16.300000       -0.001724       0.000597 
16.320000       -0.003989       0.000592 
16.340000       -0.002042       0.000587 
16.360000       0.002320       0.000582 
16.380000       0.005082       0.000578 
16.400000       0.003702       0.000573 
16.420000       -0.000552       0.000569 
16.440000       -0.003774       0.000564 
16.460000       -0.003006       0.000559 
16.480000       0.001038       0.000555 
16.500000       0.004635       0.000551 
16.520000       0.004476       0.000546 
16.540000       0.000705       0.000542 
16.560000       -0.003213       0.000537 
16.580000       -0.003682       0.000533 
16.600000       -0.000276       0.000529 
16.620000       0.003867       0.000525 
16.640000       0.004936       0.000520 
16.660000       0.001946       0.000516 
16.680000       -0.002357       0.000512 
16.700000       -0.004020       0.000508 
16.720000       -0.001520       0.000504 
16.740000       0.002838       0.000500 
16.760000       0.005045       0.000496 
16.780000       0.003069       0.000492 
16.800000       -0.001274       0.000488 
16.820000       -0.003996       0.000484 
16.840000       -0.002598       0.000480 
16.860000       0.001628       0.000476 
16.880000       0.004793       0.000472 
16.900000       0.003985       0.000469 
16.920000       -0.000055       0.000465 
16.940000       -0.003615       0.000461 
16.960000       -0.003427       0.000457 
16.980000       0.000331       0.000454 
17.000000       0.004200       0.000450 
17.020000       0.004620       0.000446 
17.040000       0.001203       0.000443 
17.060000       -0.002911       0.000439 
17.080000       -0.003944       0.000436 
17.100000       -0.000951       0.000432 
17.120000       0.003312       0.000429 
17.140000       0.004923       0.000425 
17.160000       0.002399       0.000422 
17.180000       -0.001942       0.000418 
17.200000       -0.004112       0.000415 
17.220000       -0.002119       0.000412 
17.240000       0.002199       0.000408 
17.260000       0.004869       0.000405 
17.280000       0.003435       0.000402 
17.300000       -0.000787       0.000398 
17.320000       -0.003918       0.000395 
17.340000       -0.003083       0.000392 
17.360000       0.000946       0.000389 
17.380000       0.004462       0.000386 
17.400000       0.004230       0.000382 
17.420000       0.000461       0.000379 
17.440000       -0.003382       0.000376 
17.460000       -0.003769       0.000373 
17.480000       -0.000348       0.000370 
17.500000       0.003732       0.000367 
17.520000       0.004718       0.000364 
17.540000       0.001701       0.000361 
17.560000       -0.002547       0.000358 
17.580000       -0.004123       0.000355 
17.600000       -0.001582       0.000352 
17.620000       0.002737       0.000350 
17.640000       0.004861       0.000347 
17.660000       0.002834       0.000344 
17.680000       -0.001481       0.000341 
17.700000       -0.004121       0.000338 
17.720000       -0.002661       0.000336 
17.740000       0.001554       0.000333 
17.760000       0.004645       0.000330 
17.780000       0.003769       0.000327 
17.800000       -0.000271       0.000325 
17.820000       -0.003763       0.000322 
17.840000       -0.003499       0.000319 
17.860000       0.000275       0.000317 
17.880000       0.004088       0.000314 
17.900000       0.004431       0.000312 
17.920000       0.000987       0.000309 
17.940000       -0.003080       0.000307 
17.960000       -0.004034       0.000304 
17.980000       -0.000999       0.000302 
18.000000       0.003232       0.000299 
18.020000       0.004766       0.000297 
18.040000       0.002191       0.000294 
18.060000       -0.002128       0.000292 
18.080000       -0.004223       0.000289 
18.100000       -0.002169       0.000287 
18.120000       0.002143       0.000285 
18.140000       0.004747       0.000282 
18.160000       0.003246       0.000280 
18.180000       -0.000982       0.000278 
18.200000       -0.004052       0.000275 
18.220000       -0.003144       0.000273 
18.240000       0.000906       0.000271 
18.260000       0.004373       0.000269 
18.280000       0.004067       0.000266 
18.300000       0.000266       0.000264 
18.320000       -0.003537       0.000262 
18.340000       -0.003848       0.000260 
18.360000       -0.000381       0.000258 
18.380000       0.003673       0.000256 
18.400000       0.004586       0.000253 
18.420000       0.001516       0.000251 
18.440000       -0.002718       0.000249 
18.460000       -0.004225       0.000247 
18.480000       -0.001619       0.000245 
18.500000       0.002701       0.000243 
18.520000       0.004763       0.000241 
18.540000       0.002667       0.000239 
18.560000       -0.001662       0.000237 
18.580000       -0.004246       0.000235 
18.600000       -0.002711       0.000233 
18.620000       0.001533       0.000231 
18.640000       0.004581       0.000229 
18.660000       0.003629       0.000227 
18.680000       -0.000451       0.000226 
18.700000       -0.003911       0.000224 
18.720000       -0.003570       0.000222 
18.740000       0.000258       0.000220 
18.760000       0.004053       0.000218 
18.780000       0.004323       0.000216 
18.800000       0.000816       0.000215 
18.820000       -0.003245       0.000213 
18.840000       -0.004129       0.000211 
18.860000       -0.001022       0.000209 
18.880000       0.003219       0.000207 
18.900000       0.004692       0.000206 
18.920000       0.002041       0.000204 
18.940000       -0.002302       0.000202 
18.960000       -0.004344       0.000201 
18.980000       -0.002208       0.000199 
19.000000       0.002143       0.000197 
19.020000       0.004707       0.000196 
19.040000       0.003124       0.000194 
19.060000       -0.001155       0.000192 
19.080000       -0.004197       0.000191 
19.100000       -0.003206       0.000189 
19.120000       0.000908       0.000187 
19.140000       0.004363       0.000186 
19.160000       0.003978       0.000184 
19.180000       0.000104       0.000183 
19.200000       -0.003701       0.000181 
19.220000       -0.003938       0.000180 
19.240000       -0.000388       0.000178 
19.260000       0.003685       0.000177 
19.280000       0.004534       0.000175 
19.300000       0.001375       0.000174 
19.320000       -0.002892       0.000172 
19.340000       -0.004344       0.000171 
19.360000       -0.001645       0.000169 
19.380000       0.002725       0.000168 
19.400000       0.004747       0.000166 
19.420000       0.002557       0.000165 
19.440000       -0.001835       0.000164 
19.460000       -0.004393       0.000162 
19.480000       -0.002763       0.000161 
19.500000       0.001558       0.000159 
19.520000       0.004596       0.000158 
19.540000       0.003556       0.000157 
19.560000       -0.000613       0.000155 
19.580000       -0.004079       0.000154 
19.600000       -0.003655       0.000153 
19.620000       0.000272       0.000151 
19.640000       0.004092       0.000150 
19.660000       0.004290       0.000149 
19.680000       0.000679       0.000147 
19.700000       -0.003425       0.000146 
19.720000       -0.004248       0.000145 
19.740000       -0.001031       0.000144 
19.760000       0.003270       0.000142 
19.780000       0.004699       0.000141 
19.800000       0.001937       0.000140 
19.820000       -0.002482       0.000139 
19.840000       -0.004495       0.000137 
19.860000       -0.002249       0.000136 
19.880000       0.002194       0.000135 
19.900000       0.004749       0.000134 
19.920000       0.003061       0.000133 
19.940000       -0.001323       0.000131 
19.960000       -0.004375       0.000130 
19.980000       -0.003286       0.000129 
