# time   C_FQM_Re    C_FQM_Im    C_DCL_Re    C_DCL_Im    C_ACL_Re   C_ACL_Im
0.000000      1.000000      0.000000      1.000000      0.000000      1.000000      0.000000
0.100000      0.899742      0.268696      0.927560      -0.286927      0.930325      -0.277830
0.200000      0.683580      0.397118      0.737573      -0.504599      0.772732      -0.448910
0.300000      0.486223      0.388481      0.491885      -0.619849      0.618214      -0.493938
0.400000      0.359177      0.320005      0.248862      -0.640104      0.512782      -0.456858
0.500000      0.289328      0.245683      0.042058      -0.593031      0.453179      -0.384817
0.600000      0.252485      0.183977      -0.118136      -0.506375      0.420242      -0.306216
0.700000      0.232615      0.136651      -0.233682      -0.399567      0.399111      -0.234460
0.800000      0.221447      0.101032      -0.310121      -0.284080      0.382626      -0.174567
0.900000      0.215008      0.074221      -0.352447      -0.166615      0.368507      -0.127209
1.000000      0.211348      0.053966      -0.364197      -0.051919      0.356443      -0.091015
1.100000      0.209440      0.038635      -0.347986      0.055585      0.346550      -0.063928
1.200000      0.208686      0.027042      -0.306399      0.151193      0.338839      -0.043908
1.300000      0.208703      0.018306      -0.242770      0.230000      0.333142      -0.029221
1.400000      0.209237      0.011759      -0.161643      0.287357      0.329182      -0.018500
1.500000      0.210107      0.006888      -0.068897      0.319476      0.326645      -0.010709
1.600000      0.211189      0.003296      0.028456      0.324026      0.325233      -0.005075
1.700000      0.212397      0.000675      0.122719      0.300600      0.324683      -0.001031
1.800000      0.213670      -0.001211      0.206133      0.250984      0.324777      0.001841
1.900000      0.214968      -0.002543      0.271582      0.179178      0.325341      0.003849
2.000000      0.216262      -0.003460      0.313282      0.091174      0.326238      0.005220
2.100000      0.217533      -0.004068      0.327375      -0.005499      0.327364      0.006122
2.200000      0.218771      -0.004447      0.312349      -0.102399      0.328638      0.006680
2.300000      0.219966      -0.004656      0.269256      -0.190923      0.330002      0.006985
2.400000      0.221115      -0.004742      0.201667      -0.263087      0.331412      0.007107
2.500000      0.222214      -0.004739      0.115406      -0.312267      0.332835      0.007098
2.600000      0.223263      -0.004672      0.018047      -0.333834      0.334248      0.006994
2.700000      0.224262      -0.004560      -0.081750      -0.325598      0.335635      0.006825
2.800000      0.225211      -0.004419      -0.175018      -0.288046      0.336983      0.006612
2.900000      0.226112      -0.004258      -0.253296      -0.224321      0.338287      0.006370
3.000000      0.226967      -0.004086      -0.309412      -0.139963      0.339541      0.006112
3.100000      0.227776      -0.003908      -0.338141      -0.042423      0.340741      0.005846
3.200000      0.228543      -0.003729      -0.336700      0.059598      0.341889      0.005578
3.300000      0.229269      -0.003552      -0.305018      0.156936      0.342982      0.005313
3.400000      0.229956      -0.003378      -0.245758      0.240791      0.344023      0.005054
3.500000      0.230606      -0.003210      -0.164092      0.303529      0.345012      0.004802
3.600000      0.231222      -0.003048      -0.067246      0.339383      0.345951      0.004560
3.700000      0.231805      -0.002892      0.036144      0.344982      0.346843      0.004328
3.800000      0.232357      -0.002744      0.136810      0.319668      0.347689      0.004107
3.900000      0.232880      -0.002604      0.225686      0.265570      0.348492      0.003896
4.000000      0.233376      -0.002470      0.294728      0.187421      0.349253      0.003697
4.100000      0.233845      -0.002344      0.337646      0.092143      0.349975      0.003508
4.200000      0.234291      -0.002224      0.350478      -0.011777      0.350660      0.003329
4.300000      0.234714      -0.002112      0.331958      -0.115036      0.351311      0.003161
4.400000      0.235115      -0.002005      0.283633      -0.208363      0.351928      0.003002
4.500000      0.235496      -0.001905      0.209738      -0.283346      0.352515      0.002852
4.600000      0.235858      -0.001811      0.116820      -0.333197      0.353072      0.002710
4.700000      0.236202      -0.001722      0.013156      -0.353366      0.353602      0.002577
4.800000      0.236530      -0.001638      -0.091989      -0.341957      0.354105      0.002452
4.900000      0.236842      -0.001559      -0.189191      -0.299904      0.354585      0.002333
5.000000      0.237138      -0.001484      -0.269714      -0.230896      0.355041      0.002222
5.100000      0.237421      -0.001414      -0.326301      -0.141050      0.355475      0.002117
5.200000      0.237691      -0.001348      -0.353821      -0.038367      0.355889      0.002018
5.300000      0.237948      -0.001285      -0.349743      0.067983      0.356284      0.001925
5.400000      0.238193      -0.001227      -0.314364      0.168480      0.356660      0.001837
5.500000      0.238428      -0.001171      -0.250786      0.254111      0.357020      0.001753
5.600000      0.238651      -0.001119      -0.164648      0.317178      0.357363      0.001675
5.700000      0.238865      -0.001069      -0.063621      0.351991      0.357691      0.001601
5.800000      0.239070      -0.001022      0.043279      0.355382      0.358004      0.001531
5.900000      0.239266      -0.000978      0.146491      0.326993      0.358304      0.001464
6.000000      0.239453      -0.000936      0.236770      0.269313      0.358591      0.001402
6.100000      0.239633      -0.000896      0.306016      0.187458      0.358865      0.001342
6.200000      0.239805      -0.000859      0.348000      0.088717      0.359128      0.001286
6.300000      0.239970      -0.000823      0.358926      -0.018099      0.359380      0.001233
6.400000      0.240128      -0.000790      0.337774      -0.123444      0.359622      0.001183
6.500000      0.240280      -0.000758      0.286392      -0.217889      0.359854      0.001135
6.600000      0.240426      -0.000727      0.209340      -0.292973      0.360076      0.001089
6.700000      0.240566      -0.000699      0.113478      -0.341954      0.360290      0.001046
6.800000      0.240701      -0.000671      0.007360      -0.360422      0.360495      0.001005
6.900000      0.240830      -0.000645      -0.099535      -0.346689      0.360693      0.000967
7.000000      0.240955      -0.000621      -0.197646      -0.301949      0.360882      0.000930
7.100000      0.241074      -0.000597      -0.278191      -0.230171      0.361065      0.000894
7.200000      0.241190      -0.000575      -0.333948      -0.137747      0.361240      0.000861
7.300000      0.241301      -0.000554      -0.359908      -0.032922      0.361409      0.000829
7.400000      0.241408      -0.000533      -0.353721      0.074942      0.361572      0.000799
7.500000      0.241511      -0.000514      -0.315913      0.176203      0.361729      0.000770
7.600000      0.241610      -0.000496      -0.249837      0.261801      0.361881      0.000742
7.700000      0.241706      -0.000478      -0.161376      0.324070      0.362026      0.000716
7.800000      0.241799      -0.000461      -0.058422      0.357425      0.362167      0.000691
7.900000      0.241888      -0.000445      0.049832      0.358860      0.362303      0.000667
8.000000      0.241975      -0.000430      0.153712      0.328225      0.362434      0.000644
8.100000      0.242058      -0.000415      0.243929      0.268234      0.362561      0.000622
8.200000      0.242139      -0.000401      0.312408      0.184230      0.362683      0.000601
8.300000      0.242217      -0.000388      0.353013      0.083707      0.362801      0.000581
8.400000      0.242292      -0.000375      0.362097      -0.024362      0.362916      0.000562
8.500000      0.242365      -0.000363      0.338829      -0.130320      0.363026      0.000544
8.600000      0.242436      -0.000351      0.285268      -0.224696      0.363133      0.000526
8.700000      0.242504      -0.000340      0.206183      -0.299048      0.363237      0.000509
8.800000      0.242570      -0.000329      0.108630      -0.346718      0.363337      0.000493
8.900000      0.242634      -0.000319      0.001317      -0.363432      0.363434      0.000478
9.000000      0.242696      -0.000309      -0.106171      -0.347679      0.363528      0.000463
9.100000      0.242756      -0.000300      -0.204226      -0.300851      0.363619      0.000449
9.200000      0.242815      -0.000290      -0.284081      -0.227116      0.363708      0.000435
9.300000      0.242871      -0.000282      -0.338590      -0.133052      0.363793      0.000422
9.400000      0.242926      -0.000273      -0.362869      -0.027056      0.363876      0.000409
9.500000      0.242980      -0.000265      -0.354737      0.081405      0.363957      0.000397
9.600000      0.243031      -0.000257      -0.314904      0.182640      0.364035      0.000385
9.700000      0.243082      -0.000250      -0.246917      0.267599      0.364111      0.000374
9.800000      0.243130      -0.000243      -0.156840      0.328682      0.364185      0.000363
9.900000      0.243178      -0.000236      -0.052714      0.360422      0.364257      0.000353
10.000000      0.243224      -0.000229      0.056163      0.359971      0.364326      0.000343
10.100000      0.243269      -0.000223      0.160063      0.327357      0.364394      0.000333
10.200000      0.243312      -0.000216      0.249700      0.265483      0.364460      0.000324
10.300000      0.243354      -0.000210      0.317058      0.179866      0.364524      0.000315
10.400000      0.243395      -0.000205      0.356112      0.078149      0.364586      0.000307
10.500000      0.243436      -0.000199      0.363362      -0.030584      0.364646      0.000298
10.600000      0.243474      -0.000194      0.338149      -0.136621      0.364705      0.000290
10.700000      0.243512      -0.000189      0.282716      -0.230485      0.364762      0.000282
10.800000      0.243549      -0.000184      0.202008      -0.303785      0.364818      0.000275
10.900000      0.243585      -0.000179      0.103226      -0.349966      0.364872      0.000268
11.000000      0.243620      -0.000174      -0.004806      -0.364894      0.364925      0.000261
11.100000      0.243654      -0.000170      -0.112441      -0.347225      0.364977      0.000254
11.200000      0.243688      -0.000165      -0.210059      -0.298529      0.365027      0.000248
11.300000      0.243720      -0.000161      -0.288937      -0.223149      0.365076      0.000241
11.400000      0.243752      -0.000157      -0.342022      -0.127813      0.365124      0.000235
11.500000      0.243782      -0.000153      -0.364564      -0.021033      0.365170      0.000229
11.600000      0.243812      -0.000149      -0.354541      0.087653      0.365215      0.000224
11.700000      0.243842      -0.000146      -0.312841      0.188535      0.365260      0.000218
11.800000      0.243870      -0.000142      -0.243181      0.272597      0.365303      0.000213
11.900000      0.243898      -0.000139      -0.151780      0.332325      0.365345      0.000208
12.000000      0.243926      -0.000135      -0.046798      0.362377      0.365386      0.000203
12.100000      0.243952      -0.000132      0.062388      0.360061      0.365426      0.000198
12.200000      0.243978      -0.000129      0.166025      0.325577      0.365465      0.000193
12.300000      0.244003      -0.000126      0.254850      0.262000      0.365503      0.000189
12.400000      0.244028      -0.000123      0.320927      0.175003      0.365541      0.000184
12.500000      0.244052      -0.000120      0.358345      0.072354      0.365577      0.000180
12.600000      0.244076      -0.000117      0.363758      -0.036779      0.365613      0.000176
12.700000      0.244099      -0.000115      0.336674      -0.142648      0.365647      0.000172
12.800000      0.244122      -0.000112      0.279508      -0.235792      0.365681      0.000168
12.900000      0.244144      -0.000110      0.197361      -0.307889      0.365715      0.000164
13.000000      0.244165      -0.000107      0.097568      -0.352493      0.365747      0.000161
13.100000      0.244186      -0.000105      -0.010959      -0.365615      0.365779      0.000157
13.200000      0.244207      -0.000103      -0.118526      -0.346076      0.365810      0.000154
13.300000      0.244227      -0.000100      -0.215522      -0.295617      0.365840      0.000150
13.400000      0.244247      -0.000098      -0.293281      -0.218740      0.365870      0.000147
13.500000      0.244266      -0.000096      -0.344851      -0.122310      0.365899      0.000144
13.600000      0.244285      -0.000094      -0.365623      -0.014939      0.365928      0.000141
13.700000      0.244304      -0.000092      -0.353734      0.093784      0.365955      0.000138
13.800000      0.244322      -0.000090      -0.310243      0.194145      0.365983      0.000135
13.900000      0.244339      -0.000088      -0.239031      0.277177      0.366009      0.000132
14.000000      0.244357      -0.000086      -0.146454      0.335460      0.366036      0.000129
14.100000      0.244374      -0.000085      -0.040781      0.363783      0.366061      0.000127
14.200000      0.244391      -0.000083      0.068550      0.359611      0.366086      0.000124
14.300000      0.244407      -0.000081      0.171772      0.323314      0.366111      0.000122
14.400000      0.244423      -0.000080      0.259662      0.258128      0.366135      0.000119
14.500000      0.244439      -0.000078      0.324368      0.169875      0.366159      0.000117
14.600000      0.244454      -0.000076      0.360105      0.066435      0.366182      0.000114
14.700000      0.244469      -0.000075      0.363677      -0.042952      0.366204      0.000112
14.800000      0.244484      -0.000073      0.334761      -0.148517      0.366226      0.000110
14.900000      0.244498      -0.000072      0.275936      -0.240826      0.366248      0.000108
15.000000      0.244512      -0.000071      0.192454      -0.311632      0.366270      0.000106
15.100000      0.244526      -0.000069      0.091771      -0.354608      0.366291      0.000104
15.200000      0.244540      -0.000068      -0.017123      -0.365911      0.366311      0.000102
15.300000      0.244553      -0.000067      -0.124498      -0.344527      0.366331      0.000100
15.400000      0.244566      -0.000065      -0.220764      -0.292363      0.366351      0.000098
15.500000      0.244579      -0.000064      -0.297319      -0.214077      0.366370      0.000096
15.600000      0.244592      -0.000063      -0.347321      -0.116658      0.366389      0.000094
15.700000      0.244604      -0.000062      -0.366302      -0.008808      0.366408      0.000092
15.800000      0.244617      -0.000061      -0.352562      0.099840      0.366426      0.000091
15.900000      0.244628      -0.000059      -0.307326      0.199579      0.366444      0.000089
16.000000      0.244640      -0.000058      -0.234632      0.281500      0.366462      0.000087
16.100000      0.244652      -0.000057      -0.140970      0.338281      0.366479      0.000086
16.200000      0.244663      -0.000056      -0.034707      0.364849      0.366496      0.000084
16.300000      0.244674      -0.000055      0.074666      0.358827      0.366513      0.000083
16.400000      0.244685      -0.000054      0.177380      0.320749      0.366529      0.000081
16.500000      0.244696      -0.000053      0.264257      0.254016      0.366545      0.000080
16.600000      0.244706      -0.000052      0.327535      0.164585      0.366561      0.000078
16.700000      0.244717      -0.000051      0.361559      0.060444      0.366577      0.000077
16.800000      0.244727      -0.000051      0.363288      -0.049106      0.366592      0.000076
16.900000      0.244737      -0.000050      0.332565      -0.154278      0.366607      0.000074
17.000000      0.244747      -0.000049      0.272130      -0.245676      0.366622      0.000073
17.100000      0.244756      -0.000048      0.187381      -0.315136      0.366636      0.000072
17.200000      0.244766      -0.000047      0.085887      -0.356449      0.366651      0.000071
17.300000      0.244775      -0.000046      -0.023288      -0.365924      0.366665      0.000069
17.400000      0.244784      -0.000046      -0.130390      -0.342712      0.366678      0.000068
17.500000      0.244793      -0.000045      -0.225853      -0.288883      0.366692      0.000067
17.600000      0.244802      -0.000044      -0.301147      -0.209244      0.366705      0.000066
17.700000      0.244811      -0.000043      -0.349545      -0.110908      0.366718      0.000065
17.800000      0.244819      -0.000043      -0.366721      -0.002657      0.366731      0.000064
17.900000      0.244828      -0.000042      -0.351140      0.105838      0.366744      0.000063
18.000000      0.244836      -0.000041      -0.304190      0.204887      0.366756      0.000062
18.100000      0.244844      -0.000041      -0.230064      0.285639      0.366768      0.000061
18.200000      0.244852      -0.000040      -0.135381      0.340881      0.366780      0.000060
18.300000      0.244860      -0.000039      -0.028598      0.365676      0.366792      0.000059
18.400000      0.244868      -0.000039      0.080746      0.357806      0.366804      0.000058
18.500000      0.244875      -0.000038      0.182884      0.317973      0.366815      0.000057
18.600000      0.244883      -0.000037      0.268691      0.249734      0.366827      0.000056
18.700000      0.244890      -0.000037      0.330502      0.159181      0.366838      0.000055
18.800000      0.244898      -0.000036      0.362792      0.054403      0.366849      0.000054
18.900000      0.244905      -0.000036      0.362677      -0.055240      0.366860      0.000053
19.000000      0.244912      -0.000035      0.330164      -0.159956      0.366870      0.000053
19.100000      0.244919      -0.000035      0.268155      -0.250388      0.366881      0.000052
19.200000      0.244926      -0.000034      0.182189      -0.318459      0.366891      0.000051
19.300000      0.244932      -0.000034      0.079943      -0.358086      0.366901      0.000050
19.400000      0.244939      -0.000033      -0.029449      -0.365727      0.366911      0.000049
19.500000      0.244946      -0.000033      -0.136217      -0.340699      0.366921      0.000049
19.600000      0.244952      -0.000032      -0.230822      -0.285235      0.366931      0.000048
19.700000      0.244958      -0.000032      -0.304814      -0.204288      0.366940      0.000047
19.800000      0.244965      -0.000031      -0.351580      -0.105088      0.366949      0.000047
19.900000      0.244971      -0.000031      -0.366942      0.003504      0.366959      0.000046
20.000000      0.244977      -0.000030      -0.349526      0.111788      0.366968      0.000045
20.100000      0.244983      -0.000030      -0.300887      0.210093      0.366977      0.000045
20.200000      0.244989      -0.000029      -0.225368      0.289634      0.366986      0.000044
20.300000      0.244994      -0.000029      -0.129712      0.343307      0.366994      0.000043
20.400000      0.245000      -0.000028      -0.022466      0.366315      0.367003      0.000043
20.500000      0.245006      -0.000028      0.086793      0.356601      0.367011      0.000042
20.600000      0.245011      -0.000028      0.188303      0.315032      0.367020      0.000041
20.700000      0.245017      -0.000027      0.272997      0.245320      0.367028      0.000041
20.800000      0.245022      -0.000027      0.333308      0.153691      0.367036      0.000040
20.900000      0.245028      -0.000026      0.363848      0.048329      0.367044      0.000040
21.000000      0.245033      -0.000026      0.361888      -0.061355      0.367052      0.000039
21.100000      0.245038      -0.000026      0.327600      -0.165563      0.367060      0.000039
21.200000      0.245043      -0.000025      0.264047      -0.254986      0.367067      0.000038
21.300000      0.245048      -0.000025      0.176904      -0.321635      0.367075      0.000037
21.400000      0.245053      -0.000025      0.073955      -0.359555      0.367082      0.000037
21.500000      0.245058      -0.000024      -0.035604      -0.365359      0.367090      0.000036
21.600000      0.245063      -0.000024      -0.141988      -0.338526      0.367097      0.000036
21.700000      0.245068      -0.000024      -0.235691      -0.281451      0.367104      0.000035
21.800000      0.245072      -0.000023      -0.308345      -0.199233      0.367111      0.000035
21.900000      0.245077      -0.000023      -0.353457      -0.099215      0.367118      0.000035
22.000000      0.245081      -0.000023      -0.366997      0.009670      0.367125      0.000034
22.100000      0.245086      -0.000022      -0.347755      0.117695      0.367132      0.000034
22.200000      0.245090      -0.000022      -0.297447      0.215211      0.367138      0.000033
22.300000      0.245095      -0.000022      -0.220567      0.293505      0.367145      0.000033
22.400000      0.245099      -0.000022      -0.123982      0.345584      0.367151      0.000032
22.500000      0.245103      -0.000021      -0.016318      0.366795      0.367158      0.000032
22.600000      0.245108      -0.000021      0.092808      0.355241      0.367164      0.000031
22.700000      0.245112      -0.000021      0.193646      0.311954      0.367170      0.000031
22.800000      0.245116      -0.000020      0.277191      0.240799      0.367177      0.000031
22.900000      0.245120      -0.000020      0.335977      0.148131      0.367183      0.000030
23.000000      0.245124      -0.000020      0.364752      0.042228      0.367189      0.000030
23.100000      0.245128      -0.000020      0.360946      -0.067450      0.367195      0.000029
23.200000      0.245132      -0.000019      0.324898      -0.171107      0.367200      0.000029
23.300000      0.245136      -0.000019      0.259825      -0.259482      0.367206      0.000029
23.400000      0.245139      -0.000019      0.171541      -0.324682      0.367212      0.000028
23.500000      0.245143      -0.000019      0.067931      -0.360880      0.367218      0.000028
23.600000      0.245147      -0.000018      -0.041750      -0.364842      0.367223      0.000028
23.700000      0.245151      -0.000018      -0.147706      -0.336214      0.367229      0.000027
23.800000      0.245154      -0.000018      -0.240470      -0.277552      0.367234      0.000027
23.900000      0.245158      -0.000018      -0.311756      -0.194095      0.367239      0.000027
24.000000      0.245161      -0.000018      -0.355196      -0.093297      0.367245      0.000026
24.100000      0.245165      -0.000017      -0.366908      0.015837      0.367250      0.000026
24.200000      0.245168      -0.000017      -0.345846      0.123560      0.367255      0.000026
24.300000      0.245172      -0.000017      -0.293889      0.220249      0.367260      0.000025
24.400000      0.245175      -0.000017      -0.215678      0.297265      0.367265      0.000025
24.500000      0.245178      -0.000017      -0.118199      0.347730      0.367270      0.000025
24.600000      0.245182      -0.000016      -0.010159      0.367135      0.367275      0.000024
24.700000      0.245185      -0.000016      0.098791      0.353744      0.367280      0.000024
24.800000      0.245188      -0.000016      0.198920      0.308754      0.367285      0.000024
24.900000      0.245191      -0.000016      0.281282      0.236182      0.367289      0.000024
25.000000      0.245194      -0.000016      0.338520      0.142511      0.367294      0.000023
25.100000      0.245197      -0.000015      0.365520      0.036108      0.367299      0.000023
25.200000      0.245200      -0.000015      0.359869      -0.073524      0.367303      0.000023
25.300000      0.245203      -0.000015      0.322073      -0.176591      0.367308      0.000022
25.400000      0.245206      -0.000015      0.255505      -0.263886      0.367312      0.000022
25.500000      0.245209      -0.000015      0.166112      -0.327610      0.367317      0.000022
25.600000      0.245212      -0.000014      0.061879      -0.362072      0.367321      0.000022
25.700000      0.245215      -0.000014      -0.047885      -0.364191      0.367325      0.000021
25.800000      0.245218      -0.000014      -0.153373      -0.333778      0.367330      0.000021
25.900000      0.245221      -0.000014      -0.245164      -0.273549      0.367334      0.000021
26.000000      0.245224      -0.000014      -0.315057      -0.188883      0.367338      0.000021
26.100000      0.245226      -0.000014      -0.356808      -0.087342      0.367342      0.000020
26.200000      0.245229      -0.000014      -0.366687      0.022003      0.367346      0.000020
26.300000      0.245232      -0.000013      -0.343811      0.129384      0.367350      0.000020
26.400000      0.245234      -0.000013      -0.290223      0.225211      0.367354      0.000020
26.500000      0.245237      -0.000013      -0.210709      0.300922      0.367358      0.000020
26.600000      0.245240      -0.000013      -0.112371      0.349754      0.367362      0.000019
26.700000      0.245242      -0.000013      -0.003993      0.367344      0.367366      0.000019
26.800000      0.245245      -0.000013      0.104744      0.352121      0.367370      0.000019
26.900000      0.245247      -0.000012      0.204126      0.305444      0.367374      0.000019
27.000000      0.245250      -0.000012      0.285277      0.231481      0.367377      0.000019
27.100000      0.245252      -0.000012      0.340946      0.136838      0.367381      0.000018
27.200000      0.245255      -0.000012      0.366160      0.029971      0.367385      0.000018
27.300000      0.245257      -0.000012      0.358667      -0.079576      0.367388      0.000018
27.400000      0.245259      -0.000012      0.319134      -0.182016      0.367392      0.000018
27.500000      0.245262      -0.000012      0.251094      -0.268200      0.367395      0.000018
27.600000      0.245264      -0.000012      0.160623      -0.330427      0.367399      0.000017
27.700000      0.245266      -0.000011      0.055802      -0.363140      0.367402      0.000017
27.800000      0.245269      -0.000011      -0.054006      -0.363415      0.367406      0.000017
27.900000      0.245271      -0.000011      -0.158991      -0.331227      0.367409      0.000017
28.000000      0.245273      -0.000011      -0.249777      -0.269450      0.367412      0.000017
28.100000      0.245275      -0.000011      -0.318251      -0.183604      0.367416      0.000016
28.200000      0.245277      -0.000011      -0.358299      -0.081355      0.367419      0.000016
28.300000      0.245280      -0.000011      -0.366341      0.028163      0.367422      0.000016
28.400000      0.245282      -0.000011      -0.341659      0.135168      0.367425      0.000016
28.500000      0.245284      -0.000011      -0.286458      0.230099      0.367428      0.000016
28.600000      0.245286      -0.000010      -0.205666      0.304479      0.367432      0.000016
28.700000      0.245288      -0.000010      -0.106502      0.351661      0.367435      0.000015
28.800000      0.245290      -0.000010      0.002177      0.367431      0.367438      0.000015
28.900000      0.245292      -0.000010      0.110664      0.350380      0.367441      0.000015
29.000000      0.245294      -0.000010      0.209267      0.302030      0.367444      0.000015
29.100000      0.245296      -0.000010      0.289179      0.226700      0.367447      0.000015
29.200000      0.245298      -0.000010      0.343260      0.131118      0.367450      0.000015
29.300000      0.245300      -0.000010      0.366680      0.023822      0.367453      0.000015
29.400000      0.245302      -0.000010      0.357345      -0.085603      0.367456      0.000014
29.500000      0.245304      -0.000009      0.316090      -0.187384      0.367458      0.000014
29.600000      0.245306      -0.000009      0.246599      -0.272428      0.367461      0.000014
29.700000      0.245308      -0.000009      0.155078      -0.333137      0.367464      0.000014
29.800000      0.245309      -0.000009      0.049704      -0.364090      0.367467      0.000014
29.900000      0.245311      -0.000009      -0.060112      -0.362520      0.367470      0.000014
30.000000      0.245313      -0.000009      -0.164560      -0.328566      0.367472      0.000014
30.100000      0.245315      -0.000009      -0.254310      -0.265263      0.367475      0.000013
30.200000      0.245317      -0.000009      -0.321344      -0.178263      0.367478      0.000013
30.300000      0.245318      -0.000009      -0.359675      -0.075339      0.367480      0.000013
30.400000      0.245320      -0.000009      -0.365877      0.034317      0.367483      0.000013
30.500000      0.245322      -0.000009      -0.339397      0.140909      0.367485      0.000013
30.600000      0.245324      -0.000009      -0.282599      0.234916      0.367488      0.000013
30.700000      0.245325      -0.000008      -0.200556      0.307939      0.367491      0.000013
30.800000      0.245327      -0.000008      -0.100598      0.353456      0.367493      0.000013
30.900000      0.245329      -0.000008      0.008349      0.367401      0.367496      0.000012
31.000000      0.245330      -0.000008      0.116551      0.348527      0.367498      0.000012
31.100000      0.245332      -0.000008      0.214343      0.298519      0.367500      0.000012
31.200000      0.245333      -0.000008      0.292990      0.221845      0.367503      0.000012
31.300000      0.245335      -0.000008      0.345466      0.125354      0.367505      0.000012
31.400000      0.245337      -0.000008      0.367083      0.017663      0.367508      0.000012
31.500000      0.245338      -0.000008      0.355910      -0.091606      0.367510      0.000012
31.600000      0.245340      -0.000008      0.312945      -0.192694      0.367512      0.000012
31.700000      0.245341      -0.000008      0.242024      -0.276571      0.367515      0.000011
31.800000      0.245343      -0.000008      0.149483      -0.335743      0.367517      0.000011
31.900000      0.245344      -0.000008      0.043589      -0.364925      0.367519      0.000011
32.000000      0.245346      -0.000007      -0.066201      -0.361510      0.367521      0.000011
32.100000      0.245347      -0.000007      -0.170078      -0.325802      0.367524      0.000011
32.200000      0.245349      -0.000007      -0.258764      -0.260991      0.367526      0.000011
32.300000      0.245350      -0.000007      -0.324337      -0.172865      0.367528      0.000011
32.400000      0.245352      -0.000007      -0.360938      -0.069297      0.367530      0.000011
32.500000      0.245353      -0.000007      -0.365298      0.040462      0.367532      0.000011
32.600000      0.245354      -0.000007      -0.337027      0.146609      0.367534      0.000011
32.700000      0.245356      -0.000007      -0.278651      0.239660      0.367537      0.000010
32.800000      0.245357      -0.000007      -0.195382      0.311304      0.367539      0.000010
32.900000      0.245359      -0.000007      -0.094660      0.355142      0.367541      0.000010
33.000000      0.245360      -0.000007      0.014519      0.367256      0.367543      0.000010
33.100000      0.245361      -0.000007      0.122403      0.346564      0.367545      0.000010
33.200000      0.245363      -0.000007      0.219353      0.294915      0.367547      0.000010
33.300000      0.245364      -0.000007      0.296711      0.216921      0.367549      0.000010
33.400000      0.245365      -0.000007      0.347565      0.119549      0.367551      0.000010
33.500000      0.245367      -0.000006      0.367373      0.011498      0.367553      0.000010
33.600000      0.245368      -0.000006      0.354364      -0.097582      0.367555      0.000010
33.700000      0.245369      -0.000006      0.309702      -0.197946      0.367557      0.000010
33.800000      0.245370      -0.000006      0.237374      -0.280630      0.367558      0.000009
33.900000      0.245372      -0.000006      0.143841      -0.338246      0.367560      0.000009
34.000000      0.245373      -0.000006      0.037459      -0.365648      0.367562      0.000009
34.100000      0.245374      -0.000006      -0.072271      -0.360389      0.367564      0.000009
34.200000      0.245375      -0.000006      -0.175546      -0.322937      0.367566      0.000009
34.300000      0.245377      -0.000006      -0.263141      -0.256638      0.367568      0.000009
34.400000      0.245378      -0.000006      -0.327231      -0.167413      0.367569      0.000009
34.500000      0.245379      -0.000006      -0.362091      -0.063233      0.367571      0.000009
34.600000      0.245380      -0.000006      -0.364608      0.046596      0.367573      0.000009
34.700000      0.245381      -0.000006      -0.334555      0.152265      0.367575      0.000009
34.800000      0.245383      -0.000006      -0.274616      0.244332      0.367577      0.000009
34.900000      0.245384      -0.000006      -0.190147      0.314576      0.367578      0.000009
35.000000      0.245385      -0.000006      -0.088692      0.356720      0.367580      0.000009
35.100000      0.245386      -0.000006      0.020687      0.366999      0.367582      0.000008
35.200000      0.245387      -0.000006      0.128219      0.344496      0.367583      0.000008
35.300000      0.245388      -0.000006      0.224299      0.291220      0.367585      0.000008
35.400000      0.245389      -0.000006      0.300343      0.211929      0.367587      0.000008
35.500000      0.245390      -0.000005      0.349560      0.113707      0.367588      0.000008
35.600000      0.245392      -0.000005      0.367551      0.005327      0.367590      0.000008
35.700000      0.245393      -0.000005      0.352711      -0.103530      0.367592      0.000008
35.800000      0.245394      -0.000005      0.306364      -0.203140      0.367593      0.000008
35.900000      0.245395      -0.000005      0.232650      -0.284605      0.367595      0.000008
36.000000      0.245396      -0.000005      0.138154      -0.340647      0.367596      0.000008
36.100000      0.245397      -0.000005      0.031316      -0.366262      0.367598      0.000008
36.200000      0.245398      -0.000005      -0.078321      -0.359159      0.367599      0.000008
36.300000      0.245399      -0.000005      -0.180962      -0.319974      0.367601      0.000008
36.400000      0.245400      -0.000005      -0.267439      -0.252206      0.367603      0.000008
36.500000      0.245401      -0.000005      -0.330028      -0.161909      0.367604      0.000008
36.600000      0.245402      -0.000005      -0.363136      -0.057149      0.367606      0.000007
36.700000      0.245403      -0.000005      -0.363807      0.052718      0.367607      0.000007
36.800000      0.245404      -0.000005      -0.331981      0.157876      0.367609      0.000007
36.900000      0.245405      -0.000005      -0.270499      0.248932      0.367610      0.000007
37.000000      0.245406      -0.000005      -0.184854      0.317753      0.367611      0.000007
37.100000      0.245407      -0.000005      -0.082696      0.358191      0.367613      0.000007
37.200000      0.245408      -0.000005      0.026850      0.366632      0.367614      0.000007
37.300000      0.245409      -0.000005      0.133998      0.342324      0.367616      0.000007
37.400000      0.245410      -0.000005      0.229178      0.287437      0.367617      0.000007
37.500000      0.245411      -0.000005      0.303886      0.206873      0.367619      0.000007
37.600000      0.245411      -0.000005      0.351450      0.107830      0.367620      0.000007
37.700000      0.245412      -0.000005      0.367620      -0.000846      0.367621      0.000007
37.800000      0.245413      -0.000005      0.350952      -0.109448      0.367623      0.000007
37.900000      0.245414      -0.000004      0.302935      -0.208273      0.367624      0.000007
38.000000      0.245415      -0.000004      0.227857      -0.288495      0.367625      0.000007
38.100000      0.245416      -0.000004      0.132425      -0.342948      0.367627      0.000007
38.200000      0.245417      -0.000004      0.025162      -0.366766      0.367628      0.000007
38.300000      0.245418      -0.000004      -0.084348      -0.357822      0.367629      0.000007
38.400000      0.245419      -0.000004      -0.186325      -0.316915      0.367631      0.000006
38.500000      0.245419      -0.000004      -0.271658      -0.247699      0.367632      0.000006
38.600000      0.245420      -0.000004      -0.332726      -0.156356      0.367633      0.000006
38.700000      0.245421      -0.000004      -0.364073      -0.051046      0.367634      0.000006
38.800000      0.245422      -0.000004      -0.362899      0.058825      0.367636      0.000006
38.900000      0.245423      -0.000004      -0.329308      0.163442      0.367637      0.000006
39.000000      0.245424      -0.000004      -0.266301      0.253459      0.367638      0.000006
39.100000      0.245424      -0.000004      -0.179505      0.320837      0.367639      0.000006
39.200000      0.245425      -0.000004      -0.076675      0.359556      0.367641      0.000006
39.300000      0.245426      -0.000004      0.033006      0.366157      0.367642      0.000006
39.400000      0.245427      -0.000004      0.139739      0.340051      0.367643      0.000006
39.500000      0.245428      -0.000004      0.233990      0.283568      0.367644      0.000006
39.600000      0.245428      -0.000004      0.307340      0.201756      0.367645      0.000006
39.700000      0.245429      -0.000004      0.353237      0.101920      0.367647      0.000006
39.800000      0.245430      -0.000004      0.367581      -0.007020      0.367648      0.000006
39.900000      0.245431      -0.000004      0.349090      -0.115334      0.367649      0.000006
40.000000      0.245432      -0.000004      0.299416      -0.213347      0.367650      0.000006
40.100000      0.245432      -0.000004      0.222995      -0.292302      0.367651      0.000006
40.200000      0.245433      -0.000004      0.126655      -0.345147      0.367652      0.000006
40.300000      0.245434      -0.000004      0.019001      -0.367162      0.367653      0.000006
40.400000      0.245435      -0.000004      -0.090352      -0.356380      0.367655      0.000006
40.500000      0.245435      -0.000004      -0.191634      -0.313763      0.367656      0.000006
40.600000      0.245436      -0.000004      -0.275799      -0.243119      0.367657      0.000005
40.700000      0.245437      -0.000004      -0.335328      -0.150757      0.367658      0.000005
40.800000      0.245438      -0.000004      -0.364904      -0.044928      0.367659      0.000005
40.900000      0.245438      -0.000004      -0.361884      0.064915      0.367660      0.000005
41.000000      0.245439      -0.000004      -0.326538      0.168960      0.367661      0.000005
41.100000      0.245440      -0.000004      -0.262024      0.257913      0.367662      0.000005
41.200000      0.245440      -0.000003      -0.174103      0.323828      0.367663      0.000005
41.300000      0.245441      -0.000003      -0.070630      0.360816      0.367664      0.000005
41.400000      0.245442      -0.000003      0.039153      0.365575      0.367665      0.000005
41.500000      0.245442      -0.000003      0.145439      0.337677      0.367666      0.000005
41.600000      0.245443      -0.000003      0.238734      0.279617      0.367667      0.000005
41.700000      0.245444      -0.000003      0.310704      0.196578      0.367668      0.000005
41.800000      0.245444      -0.000003      0.354921      0.095979      0.367669      0.000005
41.900000      0.245445      -0.000003      0.367434      -0.013193      0.367670      0.000005
42.000000      0.245446      -0.000003      0.347125      -0.121188      0.367671      0.000005
42.100000      0.245446      -0.000003      0.295809      -0.218358      0.367672      0.000005
42.200000      0.245447      -0.000003      0.218068      -0.296023      0.367673      0.000005
42.300000      0.245448      -0.000003      0.120848      -0.347246      0.367674      0.000005
42.400000      0.245448      -0.000003      0.012833      -0.367451      0.367675      0.000005
42.500000      0.245449      -0.000003      -0.096329      -0.354833      0.367676      0.000005
42.600000      0.245450      -0.000003      -0.196888      -0.310519      0.367677      0.000005
42.700000      0.245450      -0.000003      -0.279859      -0.238466      0.367678      0.000005
42.800000      0.245451      -0.000003      -0.337832      -0.145112      0.367679      0.000005
42.900000      0.245452      -0.000003      -0.365627      -0.038796      0.367680      0.000005
43.000000      0.245452      -0.000003      -0.360763      0.070987      0.367681      0.000005
43.100000      0.245453      -0.000003      -0.323673      0.174430      0.367682      0.000005
43.200000      0.245453      -0.000003      -0.257670      0.262291      0.367683      0.000005
43.300000      0.245454      -0.000003      -0.168650      0.326724      0.367684      0.000005
43.400000      0.245455      -0.000003      -0.064564      0.361971      0.367685      0.000004
43.500000      0.245455      -0.000003      0.045289      0.364886      0.367685      0.000004
43.600000      0.245456      -0.000003      0.151097      0.335206      0.367686      0.000004
43.700000      0.245456      -0.000003      0.243409      0.275583      0.367687      0.000004
43.800000      0.245457      -0.000003      0.313978      0.191343      0.367688      0.000004
43.900000      0.245458      -0.000003      0.356501      0.090010      0.367689      0.000004
44.000000      0.245458      -0.000003      0.367180      -0.019363      0.367690      0.000004
44.100000      0.245459      -0.000003      0.345059      -0.127007      0.367691      0.000004
44.200000      0.245459      -0.000003      0.292115      -0.223307      0.367691      0.000004
44.300000      0.245460      -0.000003      0.213077      -0.299659      0.367692      0.000004
44.400000      0.245460      -0.000003      0.115006      -0.349245      0.367693      0.000004
44.500000      0.245461      -0.000003      0.006661      -0.367634      0.367694      0.000004
44.600000      0.245461      -0.000003      -0.102280      -0.353183      0.367695      0.000004
44.700000      0.245462      -0.000003      -0.202085      -0.307184      0.367696      0.000004
44.800000      0.245463      -0.000003      -0.283838      -0.233745      0.367696      0.000004
44.900000      0.245463      -0.000003      -0.340238      -0.139425      0.367697      0.000004
45.000000      0.245464      -0.000003      -0.366246      -0.032651      0.367698      0.000004
45.100000      0.245464      -0.000003      -0.359538      0.077040      0.367699      0.000004
45.200000      0.245465      -0.000003      -0.320714      0.179850      0.367700      0.000004
45.300000      0.245465      -0.000003      -0.253241      0.266595      0.367700      0.000004
45.400000      0.245466      -0.000003      -0.163147      0.329526      0.367701      0.000004
45.500000      0.245466      -0.000003      -0.058479      0.363022      0.367702      0.000004
45.600000      0.245467      -0.000003      0.051413      0.364091      0.367703      0.000004
45.700000      0.245467      -0.000003      0.156713      0.332637      0.367704      0.000004
45.800000      0.245468      -0.000003      0.248014      0.271469      0.367704      0.000004
45.900000      0.245468      -0.000003      0.317162      0.186051      0.367705      0.000004
46.000000      0.245469      -0.000003      0.357979      0.084014      0.367706      0.000004
46.100000      0.245469      -0.000002      0.366819      -0.025528      0.367707      0.000004
46.200000      0.245470      -0.000002      0.342893      -0.132790      0.367707      0.000004
46.300000      0.245470      -0.000002      0.288337      -0.228191      0.367708      0.000004
46.400000      0.245471      -0.000002      0.208024      -0.303209      0.367709      0.000004
46.500000      0.245471      -0.000002      0.109129      -0.351143      0.367710      0.000004
46.600000      0.245472      -0.000002      0.000486      -0.367710      0.367710      0.000004
46.700000      0.245472      -0.000002      -0.108202      -0.351431      0.367711      0.000004
46.800000      0.245473      -0.000002      -0.207224      -0.303760      0.367712      0.000004
46.900000      0.245473      -0.000002      -0.287736      -0.228955      0.367712      0.000004
47.000000      0.245474      -0.000002      -0.342546      -0.133698      0.367713      0.000004
47.100000      0.245474      -0.000002      -0.366758      -0.026497      0.367714      0.000004
47.200000      0.245475      -0.000002      -0.358209      0.083070      0.367715      0.000003
47.300000      0.245475      -0.000002      -0.317661      0.185218      0.367715      0.000003
47.400000      0.245476      -0.000002      -0.248739      0.270821      0.367716      0.000003
47.500000      0.245476      -0.000002      -0.157597      0.332233      0.367717      0.000003
47.600000      0.245477      -0.000002      -0.052377      0.363968      0.367717      0.000003
47.700000      0.245477      -0.000002      0.057522      0.363191      0.367718      0.000003
47.800000      0.245477      -0.000002      0.162283      0.329971      0.367719      0.000003
47.900000      0.245478      -0.000002      0.252549      0.267276      0.367719      0.000003
48.000000      0.245478      -0.000002      0.320255      0.180706      0.367720      0.000003
48.100000      0.245479      -0.000002      0.359354      0.077994      0.367721      0.000003
48.200000      0.245479      -0.000002      0.366354      -0.031686      0.367721      0.000003
48.300000      0.245480      -0.000002      0.340628      -0.138535      0.367722      0.000003
48.400000      0.245480      -0.000002      0.284475      -0.233010      0.367723      0.000003
48.500000      0.245480      -0.000002      0.202911      -0.306672      0.367723      0.000003
48.600000      0.245481      -0.000002      0.103221      -0.352940      0.367724      0.000003
48.700000      0.245481      -0.000002      -0.005690      -0.367681      0.367725      0.000003
48.800000      0.245482      -0.000002      -0.114093      -0.349578      0.367725      0.000003
48.900000      0.245482      -0.000002      -0.212304      -0.300249      0.367726      0.000003
49.000000      0.245483      -0.000002      -0.291552      -0.224099      0.367726      0.000003
49.100000      0.245483      -0.000002      -0.344756      -0.127931      0.367727      0.000003
49.200000      0.245483      -0.000002      -0.367165      -0.020335      0.367728      0.000003
49.300000      0.245484      -0.000002      -0.356776      0.089078      0.367728      0.000003
49.400000      0.245484      -0.000002      -0.314518      0.190534      0.367729      0.000003
49.500000      0.245485      -0.000002      -0.244164      0.274970      0.367730      0.000003
49.600000      0.245485      -0.000002      -0.152000      0.334845      0.367730      0.000003
49.700000      0.245485      -0.000002      -0.046259      0.364810      0.367731      0.000003
49.800000      0.245486      -0.000002      0.063616      0.362187      0.367731      0.000003
49.900000      0.245486      -0.000002      0.167808      0.327211      0.367732      0.000003
50.000000      0.245487      -0.000002      0.257011      0.263007      0.367733      0.000003
