0 0.0
1 0.0
2 0.0
3 0.0
4 0.0
5 0.0
6 0.5000000000000000
7 0.5075000000000001
8 0.5150000000000000
9 0.5225000000000001
10 0.5300000000000000
11 0.5375000000000001
12 0.5450000000000000
13 0.5525000000000001
14 0.5600000000000002
15 0.5675000000000001
16 0.5750000000000002
17 0.5825000000000001
18 0.5900000000000002
19 0.5975000000000003
20 0.6050000000000002
21 0.6125000000000003
22 0.6200000000000002
23 0.6275000000000003
24 0.6350000000000002
25 0.6425000000000003
26 0.6500000000000004
27 0.6575000000000003
28 0.6650000000000004
29 0.6725000000000003
30 0.6800000000000004
31 0.6875000000000003
32 0.6950000000000004
33 0.7025000000000005
34 0.7100000000000004
35 0.7175000000000004
36 0.7250000000000004
37 0.7325000000000006
38 0.7400000000000005
39 0.7475000000000004
40 0.7550000000000006
41 0.7625000000000006
42 0.7700000000000006
43 0.7775000000000005
44 0.7850000000000006
45 0.7925000000000006
46 0.8000000000000006
47 0.8075000000000006
48 0.8150000000000006
49 0.8225000000000008
50 0.8300000000000007
51 0.8375000000000006
52 0.8450000000000008
53 0.8525000000000008
54 0.8600000000000008
55 0.8675000000000007
56 0.8750000000000008
57 0.8825000000000008
58 0.8900000000000008
59 0.8975000000000007
60 0.9050000000000008
61 0.9125000000000010
62 0.9200000000000008
63 0.9275000000000008
64 0.9350000000000009
65 0.9425000000000010
66 0.9500000000000010
67 0.9575000000000009
68 0.9650000000000010
69 0.9725000000000010
70 0.9800000000000010
71 0.9875000000000009
72 0.9950000000000010
73 1.0025000000000011
74 1.0100000000000011
75 1.0175000000000010
76 1.0250000000000010
77 1.0325000000000011
78 1.0400000000000011
79 1.0475000000000010
80 1.0550000000000010
81 1.0625000000000013
82 1.0700000000000012
83 1.0775000000000010
84 1.0850000000000013
85 1.0925000000000014
86 1.1000000000000012
87 1.1075000000000013
88 1.1150000000000013
89 1.1225000000000014
90 1.1300000000000012
91 1.1375000000000013
92 1.1450000000000014
93 1.1525000000000014
94 1.1600000000000015
95 1.1675000000000013
96 1.1750000000000014
97 1.1825000000000014
98 1.1900000000000015
99 1.1975000000000013
100 1.2050000000000014
101 1.2125000000000015
102 1.2200000000000015
103 1.2275000000000014
104 1.2350000000000014
105 1.2425000000000017
106 1.2500000000000016
107 1.2575000000000014
108 1.2650000000000017
109 1.2725000000000017
110 1.2800000000000016
111 1.2875000000000016
112 1.2950000000000017
113 1.3025000000000018
114 1.3100000000000016
115 1.3175000000000017
116 1.3250000000000017
117 1.3325000000000018
118 1.3400000000000016
119 1.3475000000000017
120 1.3550000000000018
121 1.3625000000000018
122 1.3700000000000019
123 1.3775000000000017
124 1.3850000000000018
125 1.3925000000000018
126 1.4000000000000019
127 1.4075000000000017
128 1.4150000000000018
129 1.4225000000000021
130 1.4300000000000019
131 1.4375000000000018
132 1.4450000000000021
133 1.4525000000000021
134 1.4600000000000020
135 1.4675000000000020
136 1.4750000000000019
137 1.4825000000000021
138 1.4900000000000020
139 1.4975000000000021
140 1.5050000000000023
141 1.5125000000000022
142 1.5200000000000020
143 1.5275000000000021
144 1.5350000000000019
145 1.5425000000000022
146 1.5500000000000023
147 1.5575000000000021
148 1.5650000000000024
149 1.5725000000000022
150 1.5800000000000023
151 1.5875000000000021
152 1.5950000000000022
153 1.6025000000000023
154 1.6100000000000023
155 1.6175000000000022
156 1.6250000000000024
157 1.6325000000000025
158 1.6400000000000023
159 1.6475000000000024
160 1.6550000000000022
161 1.6625000000000025
162 1.6700000000000024
163 1.6775000000000024
164 1.6850000000000027
165 1.6925000000000026
166 1.7000000000000024
167 1.7075000000000025
168 1.7150000000000023
169 1.7225000000000026
170 1.7300000000000026
171 1.7375000000000025
172 1.7450000000000028
173 1.7525000000000026
174 1.7600000000000027
175 1.7675000000000025
176 1.7750000000000026
177 1.7825000000000026
178 1.7900000000000027
179 1.7975000000000025
180 1.8050000000000028
181 1.8125000000000029
182 1.8200000000000027
183 1.8275000000000026
184 1.8350000000000026
185 1.8425000000000029
186 1.8500000000000028
187 1.8575000000000028
188 1.8650000000000029
189 1.8725000000000029
190 1.8800000000000028
191 1.8875000000000028
192 1.8950000000000027
193 1.9025000000000030
194 1.9100000000000030
195 1.9175000000000029
196 1.9250000000000032
197 1.9325000000000030
198 1.9400000000000031
199 1.9475000000000029
200 1.9550000000000030
201 1.9625000000000030
202 1.9700000000000031
203 1.9775000000000029
204 1.9850000000000032
205 1.9925000000000033
206 2.0000000000000031
207 2.0075000000000029
208 2.0150000000000028
209 2.0225000000000031
210 2.0300000000000034
211 2.0375000000000032
212 2.0450000000000035
213 2.0525000000000033
214 2.0600000000000032
215 2.0675000000000030
216 2.0750000000000033
217 2.0825000000000036
218 2.0900000000000034
219 2.0975000000000033
220 2.1050000000000035
221 2.1125000000000034
222 2.1200000000000032
223 2.1275000000000035
224 2.1350000000000033
225 2.1425000000000036
226 2.1500000000000035
227 2.1575000000000033
228 2.1650000000000036
229 2.1725000000000034
230 2.1800000000000033
231 2.1875000000000036
232 2.1950000000000034
233 2.2025000000000037
234 2.2100000000000035
235 2.2175000000000034
236 2.2250000000000036
237 2.2325000000000035
238 2.2400000000000038
239 2.2475000000000036
240 2.2550000000000034
241 2.2625000000000037
242 2.2700000000000036
243 2.2775000000000034
244 2.2850000000000037
245 2.2925000000000040
246 2.3000000000000038
247 2.3075000000000037
248 2.3150000000000035
249 2.3225000000000038
250 2.3300000000000036
251 2.3375000000000039
252 2.3450000000000042
253 2.3525000000000040
254 2.3600000000000039
255 2.3675000000000037
256 2.3750000000000036
257 2.3825000000000038
258 2.3900000000000041
259 2.3975000000000040
260 2.4050000000000042
261 2.4125000000000041
262 2.4200000000000039
263 2.4275000000000038
264 2.4350000000000041
265 2.4425000000000039
266 2.4500000000000042
267 2.4575000000000040
268 2.4650000000000043
269 2.4725000000000041
270 2.4800000000000040
271 2.4875000000000038
272 2.4950000000000041
273 2.5025000000000044
274 2.5100000000000042
275 2.5175000000000041
276 2.5250000000000044
277 2.5325000000000042
278 2.5400000000000040
279 2.5475000000000043
280 2.5550000000000042
281 2.5625000000000044
282 2.5700000000000043
283 2.5775000000000041
284 2.5850000000000044
285 2.5925000000000042
286 2.6000000000000045
287 2.6075000000000044
288 2.6150000000000042
289 2.6225000000000045
290 2.6300000000000043
291 2.6375000000000042
292 2.6450000000000045
293 2.6525000000000047
294 2.6600000000000046
295 2.6675000000000044
296 2.6750000000000043
297 2.6825000000000045
298 2.6900000000000044
299 2.6975000000000047
300 2.7050000000000045
301 2.7125000000000048
302 2.7200000000000046
303 2.7275000000000045
304 2.7350000000000043
305 2.7425000000000046
306 2.7500000000000044
307 2.7575000000000047
308 2.7650000000000050
309 2.7725000000000048
310 2.7800000000000047
311 2.7875000000000045
312 2.7950000000000048
313 2.8025000000000047
314 2.8100000000000045
315 2.8175000000000048
316 2.8250000000000051
317 2.8325000000000053
318 2.8400000000000047
319 2.8475000000000046
320 2.8550000000000049
321 2.8625000000000052
322 2.8700000000000054
323 2.8775000000000048
324 2.8850000000000051
325 2.8925000000000045
326 2.9000000000000048
327 2.9075000000000051
328 2.9150000000000049
329 2.9225000000000052
330 2.9300000000000046
331 2.9375000000000049
332 2.9450000000000052
333 2.9525000000000055
334 2.9600000000000053
335 2.9675000000000047
336 2.9750000000000050
337 2.9825000000000053
338 2.9900000000000055
339 2.9975000000000049
340 3.0050000000000052
341 3.0125000000000051
342 3.0200000000000053
343 3.0275000000000056
344 3.0350000000000050
345 3.0425000000000053
346 3.0500000000000052
347 3.0575000000000054
348 3.0650000000000053
349 3.0725000000000056
350 3.0800000000000054
351 3.0875000000000048
352 3.0950000000000051
353 3.1025000000000054
354 3.1100000000000056
355 3.1175000000000055
356 3.1250000000000058
357 3.1325000000000052
358 3.1400000000000055
359 3.1475000000000057
360 3.1550000000000051
361 3.1625000000000054
362 3.1700000000000053
363 3.1775000000000055
364 3.1850000000000058
365 3.1925000000000061
366 3.2000000000000055
367 3.2075000000000053
368 3.2150000000000056
369 3.2225000000000059
370 3.2300000000000058
371 3.2375000000000056
372 3.2450000000000059
373 3.2525000000000053
374 3.2600000000000056
375 3.2675000000000058
376 3.2750000000000057
377 3.2825000000000060
378 3.2900000000000054
379 3.2975000000000056
380 3.3050000000000059
381 3.3125000000000058
382 3.3200000000000061
383 3.3275000000000059
384 3.3350000000000057
385 3.3425000000000060
386 3.3500000000000063
387 3.3575000000000057
388 3.3650000000000060
389 3.3725000000000058
390 3.3800000000000061
391 3.3875000000000064
392 3.3950000000000058
393 3.4025000000000061
394 3.4100000000000059
395 3.4175000000000058
396 3.4250000000000060
397 3.4325000000000059
398 3.4400000000000062
399 3.4475000000000064
400 3.4550000000000058
401 3.4625000000000061
402 3.4700000000000064
403 3.4775000000000063
404 3.4850000000000065
405 3.4925000000000059
406 3.5000000000000062
407 3.5075000000000065
408 3.5150000000000059
409 3.5225000000000062
410 3.5300000000000060
411 3.5375000000000063
412 3.5450000000000066
413 3.5525000000000060
414 3.5600000000000063
415 3.5675000000000066
416 3.5750000000000064
417 3.5825000000000067
418 3.5900000000000065
419 3.5975000000000064
420 3.6050000000000066
421 3.6125000000000060
422 3.6200000000000063
423 3.6275000000000066
424 3.6350000000000064
425 3.6425000000000067
426 3.6500000000000061
427 3.6575000000000064
428 3.6650000000000067
429 3.6725000000000065
430 3.6800000000000064
431 3.6875000000000067
432 3.6950000000000065
433 3.7025000000000068
434 3.7100000000000071
435 3.7175000000000065
436 3.7250000000000068
437 3.7325000000000066
438 3.7400000000000069
439 3.7475000000000072
440 3.7550000000000066
441 3.7625000000000068
442 3.7700000000000067
443 3.7775000000000065
444 3.7850000000000068
445 3.7925000000000066
446 3.8000000000000069
447 3.8075000000000072
448 3.8150000000000066
449 3.8225000000000069
450 3.8300000000000072
451 3.8375000000000070
452 3.8450000000000073
453 3.8525000000000067
454 3.8600000000000070
455 3.8675000000000073
456 3.8750000000000067
457 3.8825000000000069
458 3.8900000000000068
459 3.8975000000000071
460 3.9050000000000074
461 3.9125000000000068
462 3.9200000000000070
463 3.9275000000000073
464 3.9350000000000072
465 3.9425000000000070
466 3.9500000000000073
467 3.9575000000000071
468 3.9650000000000074
469 3.9725000000000068
470 3.9800000000000071
471 3.9875000000000074
472 3.9950000000000072
473 4.0025000000000075
474 4.0100000000000069
475 4.0175000000000072
476 4.0250000000000075
477 4.0325000000000069
478 4.0400000000000071
479 4.0475000000000074
480 4.0550000000000068
481 4.0625000000000071
482 4.0700000000000074
483 4.0775000000000077
484 4.0850000000000080
485 4.0925000000000074
486 4.1000000000000076
487 4.1075000000000079
488 4.1150000000000073
489 4.1225000000000076
490 4.1300000000000070
491 4.1375000000000073
492 4.1450000000000076
493 4.1525000000000070
494 4.1600000000000072
495 4.1675000000000075
496 4.1750000000000078
497 4.1825000000000081
498 4.1900000000000084
499 4.1975000000000078
500 4.2050000000000081
501 4.2125000000000075
502 4.2200000000000077
503 4.2275000000000080
504 4.2350000000000074
505 4.2425000000000077
506 4.2500000000000071
507 4.2575000000000074
508 4.2650000000000077
509 4.2725000000000080
510 4.2800000000000082
511 4.2875000000000076
512 4.2950000000000079
513 4.3025000000000082
514 4.3100000000000085
515 4.3175000000000079
516 4.3250000000000082
517 4.3325000000000076
518 4.3400000000000079
519 4.3475000000000081
520 4.3550000000000075
521 4.3625000000000078
522 4.3700000000000081
523 4.3775000000000084
524 4.3850000000000078
525 4.3925000000000081
526 4.4000000000000083
527 4.4075000000000086
528 4.4150000000000080
529 4.4225000000000083
530 4.4300000000000086
531 4.4375000000000080
532 4.4450000000000083
533 4.4525000000000077
534 4.4600000000000080
535 4.4675000000000082
536 4.4750000000000076
537 4.4825000000000079
538 4.4900000000000082
539 4.4975000000000085
540 4.5050000000000088
541 4.5125000000000082
542 4.5200000000000085
543 4.5275000000000087
544 4.5350000000000081
545 4.5425000000000084
546 4.5500000000000087
547 4.5575000000000081
548 4.5650000000000084
549 4.5725000000000078
550 4.5800000000000081
551 4.5875000000000083
552 4.5950000000000086
553 4.6025000000000089
554 4.6100000000000083
555 4.6175000000000086
556 4.6250000000000089
557 4.6325000000000083
558 4.6400000000000086
559 4.6475000000000088
560 4.6550000000000082
561 4.6625000000000085
562 4.6700000000000088
563 4.6775000000000082
564 4.6850000000000085
565 4.6925000000000088
566 4.7000000000000091
567 4.7075000000000093
568 4.7150000000000087
569 4.7225000000000090
570 4.7300000000000084
571 4.7375000000000087
572 4.7450000000000090
573 4.7525000000000084
574 4.7600000000000087
575 4.7675000000000090
576 4.7750000000000083
577 4.7825000000000086
578 4.7900000000000089
579 4.7975000000000092
580 4.8050000000000095
581 4.8125000000000089
582 4.8200000000000092
583 4.8275000000000095
584 4.8350000000000088
585 4.8425000000000091
586 4.8500000000000085
587 4.8575000000000088
588 4.8650000000000091
589 4.8725000000000085
590 4.8800000000000088
591 4.8875000000000091
592 4.8950000000000093
593 4.9025000000000096
594 4.9100000000000090
595 4.9175000000000093
596 4.9250000000000096
597 4.9325000000000090
598 4.9400000000000093
599 4.9475000000000096
600 4.9550000000000090
601 4.9625000000000092
602 4.9700000000000086
603 4.9775000000000089
604 4.9850000000000092
605 4.9925000000000095
606 5.0000000000000089
607 5.0075000000000092
608 5.0150000000000095
609 5.0225000000000097
610 5.0300000000000100
611 5.0375000000000094
612 5.0450000000000097
613 5.0525000000000091
614 5.0600000000000094
615 5.0675000000000097
616 5.0750000000000091
617 5.0825000000000093
618 5.0900000000000096
619 5.0975000000000090
620 5.1050000000000093
621 5.1125000000000096
622 5.1200000000000099
623 5.1275000000000102
624 5.1350000000000096
625 5.1425000000000098
626 5.1500000000000101
627 5.1575000000000095
628 5.1650000000000098
629 5.1725000000000092
630 5.1800000000000095
631 5.1875000000000098
632 5.1950000000000092
633 5.2025000000000095
634 5.2100000000000097
635 5.2175000000000100
636 5.2250000000000103
637 5.2325000000000097
638 5.2400000000000100
639 5.2475000000000103
640 5.2550000000000097
641 5.2625000000000099
642 5.2700000000000102
643 5.2775000000000096
644 5.2850000000000099
645 5.2925000000000093
646 5.3000000000000096
647 5.3075000000000099
648 5.3150000000000102
649 5.3225000000000104
650 5.3300000000000098
651 5.3375000000000101
652 5.3450000000000104
653 5.3525000000000098
654 5.3600000000000101
655 5.3675000000000104
656 5.3750000000000098
657 5.3825000000000101
658 5.3900000000000103
659 5.3975000000000097
660 5.4050000000000100
661 5.4125000000000103
662 5.4200000000000106
663 5.4275000000000109
664 5.4350000000000103
665 5.4425000000000106
666 5.4500000000000099
667 5.4575000000000102
668 5.4650000000000105
669 5.4725000000000099
670 5.4800000000000102
671 5.4875000000000105
672 5.4950000000000099
673 5.5025000000000102
674 5.5100000000000104
675 5.5175000000000107
676 5.5250000000000101
677 5.5325000000000104
678 5.5400000000000107
679 5.5475000000000110
680 5.5550000000000104
681 5.5625000000000107
682 5.5700000000000101
683 5.5775000000000103
684 5.5850000000000106
685 5.5925000000000100
686 5.6000000000000103
687 5.6075000000000115
688 5.6150000000000109
689 5.6225000000000103
690 5.6300000000000106
691 5.6375000000000099
692 5.6450000000000111
693 5.6525000000000105
694 5.6600000000000108
695 5.6675000000000111
696 5.6750000000000096
697 5.6825000000000117
698 5.6900000000000102
699 5.6975000000000104
700 5.7050000000000107
701 5.7125000000000101
702 5.7200000000000113
703 5.7275000000000107
704 5.7350000000000110
705 5.7425000000000113
706 5.7500000000000115
707 5.7575000000000118
708 5.7650000000000103
709 5.7725000000000106
710 5.7800000000000109
711 5.7875000000000112
712 5.7950000000000115
713 5.8025000000000109
714 5.8100000000000103
715 5.8175000000000106
716 5.8250000000000108
717 5.8325000000000111
718 5.8400000000000105
719 5.8475000000000117
720 5.8550000000000111
721 5.8625000000000114
722 5.8700000000000117
723 5.8775000000000102
724 5.8850000000000122
725 5.8925000000000107
726 5.9000000000000110
727 5.9075000000000113
728 5.9150000000000107
729 5.9225000000000119
730 5.9300000000000113
731 5.9375000000000115
732 5.9450000000000118
733 5.9525000000000103
734 5.9600000000000115
735 5.9675000000000109
736 5.9750000000000112
737 5.9825000000000115
738 5.9900000000000118
739 5.9975000000000120
740 6.0050000000000106
741 6.0125000000000108
742 6.0200000000000111
743 6.0275000000000114
744 6.0350000000000117
745 6.0425000000000111
746 6.0500000000000114
747 6.0575000000000117
748 6.0650000000000119
749 6.0725000000000122
750 6.0800000000000107
751 6.0875000000000128
752 6.0950000000000113
753 6.1025000000000116
754 6.1100000000000119
755 6.1175000000000122
756 6.1250000000000115
757 6.1325000000000118
758 6.1400000000000121
759 6.1475000000000115
760 6.1550000000000118
761 6.1625000000000112
762 6.1700000000000115
763 6.1775000000000118
764 6.1850000000000120
765 6.1925000000000123
766 6.2000000000000126
767 6.2075000000000111
768 6.2150000000000114
769 6.2225000000000117
770 6.2300000000000120
771 6.2375000000000123
772 6.2450000000000117
773 6.2525000000000119
774 6.2600000000000122
775 6.2675000000000125
776 6.2750000000000128
777 6.2825000000000113
778 6.2900000000000116
779 6.2975000000000119
780 6.3050000000000122
781 6.3125000000000124
782 6.3200000000000118
783 6.3275000000000121
784 6.3350000000000115
785 6.3425000000000118
786 6.3500000000000121
787 6.3575000000000124
788 6.3650000000000118
789 6.3725000000000120
790 6.3800000000000123
791 6.3875000000000126
792 6.3950000000000129
793 6.4025000000000114
794 6.4100000000000117
795 6.4175000000000120
796 6.4250000000000123
797 6.4325000000000125
798 6.4400000000000128
799 6.4475000000000122
800 6.4550000000000125
801 6.4625000000000128
802 6.4700000000000131
803 6.4775000000000134
804 6.4850000000000119
805 6.4925000000000122
806 6.5000000000000124
807 6.5075000000000127
808 6.5150000000000130
809 6.5225000000000115
810 6.5300000000000118
811 6.5375000000000121
812 6.5450000000000124
813 6.5525000000000126
814 6.5600000000000120
815 6.5675000000000123
816 6.5750000000000126
817 6.5825000000000129
818 6.5900000000000132
819 6.5975000000000135
820 6.6050000000000120
821 6.6125000000000123
822 6.6200000000000125
823 6.6275000000000128
824 6.6350000000000131
825 6.6425000000000125
826 6.6500000000000128
827 6.6575000000000131
828 6.6650000000000134
829 6.6725000000000128
830 6.6800000000000130
831 6.6875000000000124
832 6.6950000000000127
833 6.7025000000000130
834 6.7100000000000133
835 6.7175000000000136
836 6.7250000000000121
837 6.7325000000000124
838 6.7400000000000126
839 6.7475000000000129
840 6.7550000000000132
841 6.7625000000000126
842 6.7700000000000129
843 6.7775000000000132
844 6.7850000000000135
845 6.7925000000000137
846 6.8000000000000123
847 6.8075000000000125
848 6.8150000000000128
849 6.8225000000000131
850 6.8300000000000134
851 6.8375000000000137
852 6.8450000000000131
853 6.8525000000000134
854 6.8600000000000128
855 6.8675000000000130
856 6.8750000000000133
857 6.8825000000000127
858 6.8900000000000130
859 6.8975000000000133
860 6.9050000000000136
861 6.9125000000000139
862 6.9200000000000141
863 6.9275000000000126
864 6.9350000000000129
865 6.9425000000000132
866 6.9500000000000135
867 6.9575000000000138
868 6.9650000000000132
869 6.9725000000000135
870 6.9800000000000137
871 6.9875000000000140
872 6.9950000000000143
873 7.0025000000000128
874 7.0100000000000131
875 7.0175000000000134
876 7.0250000000000137
877 7.0325000000000140
878 7.0400000000000134
879 7.0475000000000128
880 7.0550000000000130
881 7.0625000000000133
882 7.0700000000000136
883 7.0775000000000139
884 7.0850000000000133
885 7.0925000000000136
886 7.1000000000000139
887 7.1075000000000141
888 7.1150000000000144
889 7.1225000000000129
890 7.1300000000000132
891 7.1375000000000135
892 7.1450000000000138
893 7.1525000000000141
894 7.1600000000000144
895 7.1675000000000137
896 7.1750000000000140
897 7.1825000000000143
898 7.1900000000000146
899 7.1975000000000140
900 7.2050000000000134
901 7.2125000000000137
902 7.2200000000000140
903 7.2275000000000142
904 7.2350000000000145
905 7.2425000000000130
906 7.2500000000000133
907 7.2575000000000136
908 7.2650000000000139
909 7.2725000000000142
910 7.2800000000000136
911 7.2875000000000139
912 7.2950000000000141
913 7.3025000000000144
914 7.3100000000000147
915 7.3175000000000150
916 7.3250000000000135
917 7.3325000000000138
918 7.3400000000000141
919 7.3475000000000144
920 7.3550000000000146
921 7.3625000000000140
922 7.3700000000000143
923 7.3775000000000146
924 7.3850000000000140
925 7.3925000000000143
926 7.4000000000000146
927 7.4075000000000140
928 7.4150000000000142
929 7.4225000000000145
930 7.4300000000000148
931 7.4375000000000151
932 7.4450000000000136
933 7.4525000000000139
934 7.4600000000000142
935 7.4675000000000145
936 7.4750000000000147
937 7.4825000000000141
938 7.4900000000000144
939 7.4975000000000147
940 7.5050000000000150
941 7.5125000000000153
942 7.5200000000000138
943 7.5275000000000141
944 7.5350000000000144
945 7.5425000000000146
946 7.5500000000000149
947 7.5575000000000152
948 7.5650000000000146
949 7.5725000000000140
950 7.5800000000000143
951 7.5875000000000146
952 7.5950000000000149
953 7.6025000000000142
954 7.6100000000000145
955 7.6175000000000148
956 7.6250000000000151
957 7.6325000000000154
958 7.6400000000000157
959 7.6475000000000142
960 7.6550000000000145
961 7.6625000000000147
962 7.6700000000000150
963 7.6775000000000153
964 7.6850000000000147
965 7.6925000000000150
966 7.7000000000000153
967 7.7075000000000156
968 7.7150000000000158
969 7.7225000000000144
970 7.7300000000000146
971 7.7375000000000149
972 7.7450000000000152
973 7.7525000000000155
974 7.7600000000000140
975 7.7675000000000143
976 7.7750000000000146
977 7.7825000000000149
978 7.7900000000000151
979 7.7975000000000154
980 7.8050000000000148
981 7.8125000000000151
982 7.8200000000000154
983 7.8275000000000157
984 7.8350000000000160
985 7.8425000000000145
986 7.8500000000000147
987 7.8575000000000150
988 7.8650000000000153
989 7.8725000000000156
990 7.8800000000000159
991 7.8875000000000153
992 7.8950000000000156
993 7.9025000000000158
994 7.9100000000000152
995 7.9175000000000155
996 7.9250000000000149
997 7.9325000000000152
998 7.9400000000000155
999 7.9475000000000158
1000 7.9550000000000161
1001 7.9625000000000146
1002 7.9700000000000149
1003 7.9775000000000151
1004 7.9850000000000154
1005 7.9925000000000157
