# time   C_FQM_Re    C_FQM_Im    C_DCL_Re    C_DCL_Im    C_ACL_Re   C_ACL_Im
0.000000      1.000000      -0.000000      1.000000      -0.000000      1.000000      -0.000000
0.100000      0.753085      -0.216338      0.757684      -0.234379      0.762277      -0.218979
0.200000      0.373376      -0.182143      0.357178      -0.244359      0.388954      -0.189742
0.300000      0.166226      -0.086665      0.124984      -0.157500      0.178288      -0.092954
0.400000      0.083801      -0.034587      0.035859      -0.092234      0.091474      -0.037754
0.500000      0.052147      -0.013421      0.004174      -0.058860      0.057146      -0.014708
0.600000      0.040101      -0.004768      -0.010004      -0.042879      0.043723      -0.005199
0.700000      0.036658      -0.000713      -0.020016      -0.034224      0.039640      -0.000771
0.800000      0.037713      0.001512      -0.029868      -0.027360      0.040472      0.001623
0.900000      0.041424      0.002818      -0.040064      -0.018939      0.044213      0.003008
1.000000      0.046669      0.003507      -0.049289      -0.007026      0.049647      0.003731
1.100000      0.052590      0.003717      -0.055293      0.008833      0.055854      0.003948
1.200000      0.058520      0.003574      -0.055806      0.027539      0.062115      0.003793
1.300000      0.064001      0.003208      -0.049374      0.046778      0.067930      0.003405
1.400000      0.068777      0.002737      -0.035825      0.063689      0.073015      0.002905
1.500000      0.072758      0.002247      -0.016296      0.075568      0.077268      0.002386
1.600000      0.075972      0.001792      0.007064      0.080420      0.080708      0.001904
1.700000      0.078501      0.001398      0.031535      0.077243      0.083419      0.001485
1.800000      0.080453      0.001072      0.054280      0.066089      0.085515      0.001139
1.900000      0.081939      0.000811      0.072715      0.047973      0.087110      0.000862
2.000000      0.083055      0.000606      0.084794      0.024676      0.088310      0.000644
2.100000      0.083883      0.000448      0.089190      -0.001500      0.089201      0.000477
2.200000      0.084493      0.000328      0.085386      -0.027995      0.089858      0.000349
2.300000      0.084936      0.000237      0.073689      -0.052254      0.090335      0.000252
2.400000      0.085254      0.000169      0.055164      -0.071968      0.090678      0.000180
2.500000      0.085478      0.000118      0.031516      -0.085283      0.090920      0.000126
2.600000      0.085634      0.000080      0.004915      -0.090955      0.091087      0.000085
2.700000      0.085736      0.000052      -0.022211      -0.088453      0.091199      0.000056
2.800000      0.085801      0.000032      -0.047395      -0.077999      0.091270      0.000034
2.900000      0.085839      0.000017      -0.068359      -0.060536      0.091310      0.000018
3.000000      0.085856      0.000006      -0.083213      -0.037639      0.091330      0.000007
3.100000      0.085859      -0.000001      -0.090623      -0.011367      0.091333      -0.000002
3.200000      0.085852      -0.000007      -0.089927      0.015921      0.091326      -0.000007
3.300000      0.085837      -0.000011      -0.081193      0.041778      0.091311      -0.000011
3.400000      0.085818      -0.000013      -0.065206      0.063892      0.091291      -0.000014
3.500000      0.085796      -0.000014      -0.043401      0.080288      0.091267      -0.000015
3.600000      0.085773      -0.000015      -0.017731      0.089503      0.091242      -0.000016
3.700000      0.085748      -0.000015      0.009508      0.090719      0.091216      -0.000016
3.800000      0.085723      -0.000015      0.035882      0.083833      0.091190      -0.000016
3.900000      0.085699      -0.000015      0.059037      0.069465      0.091164      -0.000016
4.000000      0.085675      -0.000015      0.076908      0.048903      0.091139      -0.000016
4.100000      0.085652      -0.000014      0.087901      0.023984      0.091114      -0.000015
4.200000      0.085630      -0.000013      0.091039      -0.003063      0.091091      -0.000014
4.300000      0.085609      -0.000013      0.086047      -0.029823      0.091069      -0.000014
4.400000      0.085589      -0.000012      0.073374      -0.053907      0.091048      -0.000013
4.500000      0.085571      -0.000011      0.054154      -0.073167      0.091028      -0.000012
4.600000      0.085553      -0.000011      0.030107      -0.085885      0.091009      -0.000011
4.700000      0.085536      -0.000010      0.003381      -0.090929      0.090991      -0.000011
4.800000      0.085521      -0.000009      -0.023637      -0.087851      0.090975      -0.000010
4.900000      0.085506      -0.000009      -0.048535      -0.076929      0.090959      -0.000009
5.000000      0.085493      -0.000008      -0.069090      -0.059140      0.090945      -0.000009
5.100000      0.085480      -0.000008      -0.083469      -0.036076      0.090932      -0.000008
5.200000      0.085468      -0.000007      -0.090390      -0.009797      0.090919      -0.000008
5.300000      0.085457      -0.000007      -0.089236      0.017350      0.090907      -0.000007
5.400000      0.085447      -0.000006      -0.080113      0.042941      0.090896      -0.000007
5.500000      0.085437      -0.000006      -0.063838      0.064691      0.090886      -0.000006
5.600000      0.085428      -0.000005      -0.041865      0.080659      0.090876      -0.000006
5.700000      0.085420      -0.000005      -0.016157      0.089419      0.090867      -0.000005
5.800000      0.085412      -0.000005      0.010989      0.090192      0.090859      -0.000005
5.900000      0.085404      -0.000004      0.037148      0.082909      0.090851      -0.000005
6.000000      0.085398      -0.000004      0.059986      0.068222      0.090844      -0.000004
6.100000      0.085391      -0.000004      0.077462      0.047445      0.090837      -0.000004
6.200000      0.085385      -0.000004      0.088017      0.022433      0.090830      -0.000004
6.300000      0.085379      -0.000003      0.090709      -0.004580      0.090824      -0.000004
6.400000      0.085374      -0.000003      0.085299      -0.031179      0.090819      -0.000003
6.500000      0.085369      -0.000003      0.072271      -0.054991      0.090813      -0.000003
6.600000      0.085364      -0.000003      0.052789      -0.073888      0.090808      -0.000003
6.700000      0.085360      -0.000003      0.028594      -0.086184      0.090804      -0.000003
6.800000      0.085356      -0.000002      0.001848      -0.090781      0.090799      -0.000003
6.900000      0.085352      -0.000002      -0.025061      -0.087268      0.090795      -0.000002
7.000000      0.085349      -0.000002      -0.049729      -0.075961      0.090791      -0.000002
7.100000      0.085345      -0.000002      -0.069953      -0.057870      0.090788      -0.000002
7.200000      0.085342      -0.000002      -0.083928      -0.034612      0.090784      -0.000002
7.300000      0.085339      -0.000002      -0.090404      -0.008263      0.090781      -0.000002
7.400000      0.085336      -0.000002      -0.088805      0.018822      0.090778      -0.000002
7.500000      0.085333      -0.000002      -0.079274      0.044223      0.090775      -0.000002
7.600000      0.085331      -0.000002      -0.062663      0.065673      0.090773      -0.000002
7.700000      0.085328      -0.000001      -0.040455      0.081256      0.090770      -0.000002
7.800000      0.085326      -0.000001      -0.014635      0.089580      0.090768      -0.000001
7.900000      0.085324      -0.000001      0.012491      0.089902      0.090765      -0.000001
8.000000      0.085322      -0.000001      0.038500      0.082193      0.090763      -0.000001
8.100000      0.085320      -0.000001      0.061069      0.067143      0.090761      -0.000001
8.200000      0.085318      -0.000001      0.078182      0.046096      0.090759      -0.000001
8.300000      0.085317      -0.000001      0.088310      0.020933      0.090758      -0.000001
8.400000      0.085315      -0.000001      0.090551      -0.006100      0.090756      -0.000001
8.500000      0.085313      -0.000001      0.084702      -0.032586      0.090754      -0.000001
8.600000      0.085312      -0.000001      0.071288      -0.056161      0.090753      -0.000001
8.700000      0.085311      -0.000001      0.051507      -0.074718      0.090751      -0.000001
8.800000      0.085309      -0.000001      0.027125      -0.086601      0.090750      -0.000001
8.900000      0.085308      -0.000001      0.000321      -0.090748      0.090748      -0.000001
9.000000      0.085307      -0.000001      -0.026511      -0.086788      0.090747      -0.000001
9.100000      0.085306      -0.000001      -0.050974      -0.075077      0.090746      -0.000001
9.200000      0.085305      -0.000001      -0.070883      -0.056659      0.090745      -0.000001
9.300000      0.085304      -0.000001      -0.084460      -0.033181      0.090744      -0.000001
9.400000      0.085303      -0.000001      -0.090492      -0.006739      0.090743      -0.000001
9.500000      0.085302      -0.000001      -0.088441      0.020304      0.090742      -0.000001
9.600000      0.085301      -0.000001      -0.078490      0.045533      0.090741      -0.000001
9.700000      0.085300      -0.000001      -0.061528      0.066694      0.090740      -0.000001
9.800000      0.085299      -0.000000      -0.039070      0.081897      0.090739      -0.000001
9.900000      0.085299      -0.000000      -0.013123      0.089784      0.090738      -0.000000
10.000000      0.085298      -0.000000      0.013996      0.089652      0.090738      -0.000000
10.100000      0.085297      -0.000000      0.039865      0.081511      0.090737      -0.000000
10.200000      0.085297      -0.000000      0.062172      0.066089      0.090736      -0.000000
10.300000      0.085296      -0.000000      0.078925      0.044764      0.090736      -0.000000
10.400000      0.085295      -0.000000      0.088628      0.019440      0.090735      -0.000000
10.500000      0.085295      -0.000000      0.090414      -0.007619      0.090734      -0.000000
10.600000      0.085294      -0.000000      0.084123      -0.033998      0.090734      -0.000000
10.700000      0.085294      -0.000000      0.070319      -0.057339      0.090733      -0.000000
10.800000      0.085293      -0.000000      0.050233      -0.075558      0.090733      -0.000000
10.900000      0.085293      -0.000000      0.025660      -0.087028      0.090732      -0.000000
11.000000      0.085292      -0.000000      -0.001205      -0.090724      0.090732      -0.000000
11.100000      0.085292      -0.000000      -0.027961      -0.086315      0.090731      -0.000000
11.200000      0.085291      -0.000000      -0.052220      -0.074197      0.090731      -0.000000
11.300000      0.085291      -0.000000      -0.071814      -0.055450      0.090730      -0.000000
11.400000      0.085291      -0.000000      -0.084993      -0.031751      0.090730      -0.000000
11.500000      0.085290      -0.000000      -0.090579      -0.005216      0.090729      -0.000000
11.600000      0.085290      -0.000000      -0.088075      0.021785      0.090729      -0.000000
11.700000      0.085290      -0.000000      -0.077703      0.046840      0.090729      -0.000000
11.800000      0.085289      -0.000000      -0.060390      0.067710      0.090728      -0.000000
11.900000      0.085289      -0.000000      -0.037683      0.082532      0.090728      -0.000000
12.000000      0.085289      -0.000000      -0.011610      0.089982      0.090728      -0.000000
12.100000      0.085288      -0.000000      0.015500      0.089394      0.090727      -0.000000
12.200000      0.085288      -0.000000      0.041225      0.080820      0.090727      -0.000000
12.300000      0.085288      -0.000000      0.063268      0.065027      0.090727      -0.000000
12.400000      0.085288      -0.000000      0.079659      0.043426      0.090727      -0.000000
12.500000      0.085287      -0.000000      0.088934      0.017946      0.090726      -0.000000
12.600000      0.085287      -0.000000      0.090265      -0.009138      0.090726      -0.000000
12.700000      0.085287      -0.000000      0.083533      -0.035405      0.090726      -0.000000
12.800000      0.085287      -0.000000      0.069339      -0.058509      0.090726      -0.000000
12.900000      0.085286      -0.000000      0.048951      -0.076386      0.090725      -0.000000
13.000000      0.085286      -0.000000      0.024191      -0.087440      0.090725      -0.000000
13.100000      0.085286      -0.000000      -0.002730      -0.090684      0.090725      -0.000000
13.200000      0.085286      -0.000000      -0.029407      -0.085827      0.090725      -0.000000
13.300000      0.085286      -0.000000      -0.053457      -0.073303      0.090725      -0.000000
13.400000      0.085285      -0.000000      -0.072731      -0.054231      0.090724      -0.000000
13.500000      0.085285      -0.000000      -0.085509      -0.030316      0.090724      -0.000000
13.600000      0.085285      -0.000000      -0.090649      -0.003692      0.090724      -0.000000
13.700000      0.085285      -0.000000      -0.087691      0.023262      0.090724      -0.000000
13.800000      0.085285      -0.000000      -0.076900      0.048137      0.090724      -0.000000
13.900000      0.085285      -0.000000      -0.059240      0.068712      0.090723      -0.000000
14.000000      0.085284      -0.000000      -0.036288      0.083150      0.090723      -0.000000
14.100000      0.085284      -0.000000      -0.010095      0.090160      0.090723      -0.000000
14.200000      0.085284      -0.000000      0.017000      0.089116      0.090723      -0.000000
14.300000      0.085284      -0.000000      0.042576      0.080112      0.090723      -0.000000
14.400000      0.085284      -0.000000      0.064349      0.063951      0.090723      -0.000000
14.500000      0.085284      -0.000000      0.080374      0.042079      0.090723      -0.000000
14.600000      0.085284      -0.000000      0.089219      0.016447      0.090723      -0.000000
14.700000      0.085284      -0.000000      0.090095      -0.010654      0.090722      -0.000000
14.800000      0.085284      -0.000000      0.082922      -0.036803      0.090722      -0.000000
14.900000      0.085283      -0.000000      0.068343      -0.059664      0.090722      -0.000000
15.000000      0.085283      -0.000000      0.047658      -0.077196      0.090722      -0.000000
15.100000      0.085283      -0.000000      0.022717      -0.087832      0.090722      -0.000000
15.200000      0.085283      -0.000000      -0.004254      -0.090622      0.090722      -0.000000
15.300000      0.085283      -0.000000      -0.030845      -0.085317      0.090722      -0.000000
15.400000      0.085283      -0.000000      -0.054680      -0.072392      0.090722      -0.000000
15.500000      0.085283      -0.000000      -0.073631      -0.052999      0.090722      -0.000000
15.600000      0.085283      -0.000000      -0.086004      -0.028873      0.090721      -0.000000
15.700000      0.085283      -0.000000      -0.090696      -0.002167      0.090721      -0.000000
15.800000      0.085283      -0.000000      -0.087285      0.024732      0.090721      -0.000000
15.900000      0.085282      -0.000000      -0.076078      0.049422      0.090721      -0.000000
16.000000      0.085282      -0.000000      -0.058075      0.069697      0.090721      -0.000000
16.100000      0.085282      -0.000000      -0.034884      0.083746      0.090721      -0.000000
16.200000      0.085282      -0.000000      -0.008577      0.090315      0.090721      -0.000000
16.300000      0.085282      -0.000000      0.018496      0.088816      0.090721      -0.000000
16.400000      0.085282      -0.000000      0.043916      0.079383      0.090721      -0.000000
16.500000      0.085282      -0.000000      0.065414      0.062859      0.090721      -0.000000
16.600000      0.085282      -0.000000      0.081068      0.040720      0.090721      -0.000000
16.700000      0.085282      -0.000000      0.089481      0.014944      0.090721      -0.000000
16.800000      0.085282      -0.000000      0.089901      -0.012167      0.090721      -0.000000
16.900000      0.085282      -0.000000      0.082290      -0.038191      0.090721      -0.000000
17.000000      0.085282      -0.000000      0.067329      -0.060804      0.090720      -0.000000
17.100000      0.085282      -0.000000      0.046353      -0.077985      0.090720      -0.000000
17.200000      0.085282      -0.000000      0.021236      -0.088200      0.090720      -0.000000
17.300000      0.085282      -0.000000      -0.005777      -0.090536      0.090720      -0.000000
17.400000      0.085282      -0.000000      -0.032274      -0.084785      0.090720      -0.000000
17.500000      0.085281      -0.000000      -0.055888      -0.071461      0.090720      -0.000000
17.600000      0.085281      -0.000000      -0.074510      -0.051753      0.090720      -0.000000
17.700000      0.085281      -0.000000      -0.086476      -0.027422      0.090720      -0.000000
17.800000      0.085281      -0.000000      -0.090718      -0.000642      0.090720      -0.000000
17.900000      0.085281      -0.000000      -0.086856      0.026196      0.090720      -0.000000
18.000000      0.085281      -0.000000      -0.075235      0.050693      0.090720      -0.000000
18.100000      0.085281      -0.000000      -0.056894      0.070663      0.090720      -0.000000
18.200000      0.085281      -0.000000      -0.033470      0.084320      0.090720      -0.000000
18.300000      0.085281      -0.000000      -0.007057      0.090445      0.090720      -0.000000
18.400000      0.085281      -0.000000      0.019986      0.088491      0.090720      -0.000000
18.500000      0.085281      -0.000000      0.045244      0.078632      0.090720      -0.000000
18.600000      0.085281      -0.000000      0.066461      0.061750      0.090720      -0.000000
18.700000      0.085281      -0.000000      0.081741      0.039351      0.090720      -0.000000
18.800000      0.085281      -0.000000      0.089719      0.013437      0.090720      -0.000000
18.900000      0.085281      -0.000000      0.089683      -0.013676      0.090720      -0.000000
19.000000      0.085281      -0.000000      0.081636      -0.039569      0.090720      -0.000000
19.100000      0.085281      -0.000000      0.066296      -0.061926      0.090720      -0.000000
19.200000      0.085281      -0.000000      0.045035      -0.078752      0.090720      -0.000000
19.300000      0.085281      -0.000000      0.019750      -0.088544      0.090719      -0.000000
19.400000      0.085281      -0.000000      -0.007298      -0.090425      0.090719      -0.000000
19.500000      0.085281      -0.000000      -0.033695      -0.084230      0.090719      -0.000000
19.600000      0.085281      -0.000000      -0.057082      -0.070510      0.090719      -0.000000
19.700000      0.085281      -0.000000      -0.075369      -0.050492      0.090719      -0.000000
19.800000      0.085281      -0.000000      -0.086924      -0.025964      0.090719      -0.000000
19.900000      0.085281      -0.000000      -0.090715      0.000884      0.090719      -0.000000
20.000000      0.085281      -0.000000      -0.086402      0.027652      0.090719      -0.000000
20.100000      0.085281      -0.000000      -0.074371      0.051951      0.090719      -0.000000
20.200000      0.085281      -0.000000      -0.055697      0.071609      0.090719      -0.000000
20.300000      0.085281      -0.000000      -0.032048      0.084870      0.090719      -0.000000
20.400000      0.085281      -0.000000      -0.005536      0.090550      0.090719      -0.000000
20.500000      0.085281      -0.000000      0.021471      0.088142      0.090719      -0.000000
20.600000      0.085281      -0.000000      0.046560      0.077860      0.090719      -0.000000
20.700000      0.085280      -0.000000      0.067489      0.060623      0.090719      -0.000000
20.800000      0.085281      -0.000000      0.082390      0.037971      0.090719      -0.000000
20.900000      0.085280      -0.000000      0.089932      0.011927      0.090719      -0.000000
21.000000      0.085280      -0.000000      0.089440      -0.015182      0.090719      -0.000000
21.100000      0.085280      -0.000000      0.080958      -0.040935      0.090719      -0.000000
21.200000      0.085280      -0.000000      0.065245      -0.063032      0.090719      -0.000000
21.300000      0.085280      -0.000000      0.043704      -0.079498      0.090719      -0.000000
21.400000      0.085280      -0.000000      0.018259      -0.088863      0.090719      -0.000000
21.500000      0.085280      -0.000000      -0.008818      -0.090289      0.090719      -0.000000
21.600000      0.085280      -0.000000      -0.035106      -0.083651      0.090719      -0.000000
21.700000      0.085280      -0.000000      -0.058259      -0.069540      0.090719      -0.000000
21.800000      0.085280      -0.000000      -0.076207      -0.049218      0.090719      -0.000000
21.900000      0.085280      -0.000000      -0.087348      -0.024499      0.090719      -0.000000
22.000000      0.085280      -0.000000      -0.090687      0.002409      0.090719      -0.000000
22.100000      0.085280      -0.000000      -0.085925      0.029101      0.090719      -0.000000
22.200000      0.085280      -0.000000      -0.073487      0.053194      0.090719      -0.000000
22.300000      0.085280      -0.000000      -0.054485      0.072535      0.090719      -0.000000
22.400000      0.085280      -0.000000      -0.030616      0.085396      0.090719      -0.000000
22.500000      0.085280      -0.000000      -0.004012      0.090630      0.090719      -0.000000
22.600000      0.085280      -0.000000      0.022950      0.087768      0.090719      -0.000000
22.700000      0.085280      -0.000000      0.047862      0.077066      0.090719      -0.000000
22.800000      0.085280      -0.000000      0.068499      0.059479      0.090719      -0.000000
22.900000      0.085280      -0.000000      0.083017      0.036580      0.090719      -0.000000
23.000000      0.085280      -0.000000      0.090119      0.010413      0.090719      -0.000000
23.100000      0.085280      -0.000000      0.089171      -0.016684      0.090719      -0.000000
23.200000      0.085280      -0.000000      0.080258      -0.042291      0.090719      -0.000000
23.300000      0.085280      -0.000000      0.064176      -0.064120      0.090719      -0.000000
23.400000      0.085280      -0.000000      0.042361      -0.080221      0.090719      -0.000000
23.500000      0.085280      -0.000000      0.016762      -0.089157      0.090719      -0.000000
23.600000      0.085280      -0.000000      -0.010334      -0.090128      0.090719      -0.000000
23.700000      0.085280      -0.000000      -0.036508      -0.083049      0.090719      -0.000000
23.800000      0.085280      -0.000000      -0.059420      -0.068551      0.090719      -0.000000
23.900000      0.085280      -0.000000      -0.077024      -0.047929      0.090719      -0.000000
24.000000      0.085280      -0.000000      -0.087748      -0.023026      0.090719      -0.000000
24.100000      0.085280      -0.000000      -0.090633      0.003933      0.090719      -0.000000
24.200000      0.085280      -0.000000      -0.085423      0.030541      0.090719      -0.000000
24.300000      0.085280      -0.000000      -0.072582      0.054422      0.090719      -0.000000
24.400000      0.085280      -0.000000      -0.053258      0.073440      0.090719      -0.000000
24.500000      0.085280      -0.000000      -0.029176      0.085899      0.090719      -0.000000
24.600000      0.085280      -0.000000      -0.002488      0.090684      0.090719      -0.000000
24.700000      0.085280      -0.000000      0.024422      0.087369      0.090719      -0.000000
24.800000      0.085280      -0.000000      0.049151      0.076250      0.090719      -0.000000
24.900000      0.085280      -0.000000      0.069489      0.058319      0.090719      -0.000000
25.000000      0.085280      -0.000000      0.083620      0.035179      0.090719      -0.000000
25.100000      0.085280      -0.000000      0.090281      0.008896      0.090718      -0.000000
25.200000      0.085280      -0.000000      0.088878      -0.018181      0.090718      -0.000000
25.300000      0.085280      -0.000000      0.079536      -0.043634      0.090718      -0.000000
25.400000      0.085280      -0.000000      0.063088      -0.065190      0.090718      -0.000000
25.500000      0.085280      -0.000000      0.041006      -0.080922      0.090718      -0.000000
25.600000      0.085280      -0.000000      0.015260      -0.089426      0.090718      -0.000000
25.700000      0.085280      -0.000000      -0.011848      -0.089941      0.090718      -0.000000
25.800000      0.085280      -0.000000      -0.037899      -0.082423      0.090718      -0.000000
25.900000      0.085280      -0.000000      -0.060564      -0.067542      0.090718      -0.000000
26.000000      0.085280      -0.000000      -0.077819      -0.046627      0.090718      -0.000000
26.100000      0.085280      -0.000000      -0.088122      -0.021548      0.090718      -0.000000
26.200000      0.085280      -0.000000      -0.090554      0.005456      0.090718      -0.000000
26.300000      0.085280      -0.000000      -0.084897      0.031973      0.090718      -0.000000
26.400000      0.085280      -0.000000      -0.071657      0.055634      0.090718      -0.000000
26.500000      0.085280      -0.000000      -0.052015      0.074325      0.090718      -0.000000
26.600000      0.085280      -0.000000      -0.027727      0.086377      0.090718      -0.000000
26.700000      0.085280      -0.000000      -0.000963      0.090713      0.090718      -0.000000
26.800000      0.085280      -0.000000      0.025888      0.086946      0.090718      -0.000000
26.900000      0.085280      -0.000000      0.050426      0.075412      0.090718      -0.000000
27.000000      0.085280      -0.000000      0.070460      0.057142      0.090718      -0.000000
27.100000      0.085280      -0.000000      0.084199      0.033768      0.090718      -0.000000
27.200000      0.085280      -0.000000      0.090418      0.007377      0.090718      -0.000000
27.300000      0.085280      -0.000000      0.088560      -0.019673      0.090718      -0.000000
27.400000      0.085280      -0.000000      0.078791      -0.044965      0.090718      -0.000000
27.500000      0.085280      -0.000000      0.061983      -0.066241      0.090718      -0.000000
27.600000      0.085280      -0.000000      0.039639      -0.081600      0.090718      -0.000000
27.700000      0.085280      -0.000000      0.013755      -0.089670      0.090718      -0.000000
27.800000      0.085280      -0.000000      -0.013359      -0.089729      0.090718      -0.000000
27.900000      0.085280      -0.000000      -0.039279      -0.081774      0.090718      -0.000000
28.000000      0.085280      -0.000000      -0.061691      -0.066514      0.090718      -0.000000
28.100000      0.085280      -0.000000      -0.078591      -0.045312      0.090718      -0.000000
28.200000      0.085280      -0.000000      -0.088472      -0.020063      0.090718      -0.000000
28.300000      0.085280      -0.000000      -0.090449      0.006978      0.090718      -0.000000
28.400000      0.085280      -0.000000      -0.084347      0.033396      0.090718      -0.000000
28.500000      0.085280      -0.000000      -0.070711      0.056831      0.090718      -0.000000
28.600000      0.085280      -0.000000      -0.050758      0.075189      0.090718      -0.000000
28.700000      0.085280      -0.000000      -0.026271      0.086831      0.090718      -0.000000
28.800000      0.085280      -0.000000      0.000563      0.090717      0.090718      -0.000000
28.900000      0.085280      -0.000000      0.027346      0.086499      0.090718      -0.000000
29.000000      0.085280      -0.000000      0.051687      0.074554      0.090718      -0.000000
29.100000      0.085280      -0.000000      0.071410      0.055950      0.090718      -0.000000
29.200000      0.085280      -0.000000      0.084755      0.032347      0.090718      -0.000000
29.300000      0.085280      -0.000000      0.090529      0.005856      0.090718      -0.000000
29.400000      0.085280      -0.000000      0.088216      -0.021159      0.090718      -0.000000
29.500000      0.085280      -0.000000      0.078023      -0.046284      0.090718      -0.000000
29.600000      0.085280      -0.000000      0.060861      -0.067274      0.090718      -0.000000
29.700000      0.085280      -0.000000      0.038262      -0.082255      0.090718      -0.000000
29.800000      0.085280      -0.000000      0.012245      -0.089888      0.090718      -0.000000
29.900000      0.085280      -0.000000      -0.014866      -0.089492      0.090718      -0.000000
30.000000      0.085280      -0.000000      -0.040648      -0.081102      0.090718      -0.000000
