# time   C_FQM_Re    C_FQM_Im    C_DCL_Re    C_DCL_Im    C_ACL_Re   C_ACL_Im
0.000000      1.000000      -0.000000      1.000000      -0.000000      1.000000      -0.000000
0.100000      0.977590      -0.071050      0.982585      -0.073832      0.982763      -0.071426
0.200000      0.919336      -0.121661      0.934723      -0.141270      0.937167      -0.124021
0.300000      0.844932      -0.143759      0.867132      -0.198465      0.876951      -0.149207
0.400000      0.771948      -0.142024      0.791708      -0.244904      0.815042      -0.149953
0.500000      0.709708      -0.126214      0.717469      -0.282415      0.759140      -0.135006
0.600000      0.660600      -0.104864      0.649305      -0.313650      0.712174      -0.113051
0.700000      0.623496      -0.083282      0.588728      -0.341003      0.674366      -0.090077
0.800000      0.596165      -0.064038      0.535240      -0.366177      0.644802      -0.069263
0.900000      0.576385      -0.048007      0.487455      -0.390171      0.622222      -0.051825
1.000000      0.562294      -0.035189      0.443792      -0.413435      0.605346      -0.037883
1.100000      0.552438      -0.025211      0.402812      -0.436050      0.593013      -0.027063
1.200000      0.545710      -0.017587      0.363348      -0.457876      0.584224      -0.018828
1.300000      0.541281      -0.011841      0.324519      -0.478653      0.578153      -0.012648
1.400000      0.538534      -0.007559      0.285703      -0.498071      0.574139      -0.008059
1.500000      0.537010      -0.004400      0.246496      -0.515811      0.571663      -0.004684
1.600000      0.536370      -0.002092      0.206662      -0.531567      0.570323      -0.002225
1.700000      0.536361      -0.000426      0.166101      -0.545065      0.569811      -0.000453
1.800000      0.536797      0.000761      0.124811      -0.556062      0.569896      0.000807
1.900000      0.537543      0.001590      0.082869      -0.564355      0.570404      0.001687
2.000000      0.538495      0.002154      0.040406      -0.569778      0.571204      0.002285
2.100000      0.539581      0.002523      -0.002405      -0.572202      0.572201      0.002675
2.200000      0.540745      0.002748      -0.045362      -0.571532      0.573321      0.002913
2.300000      0.541948      0.002868      -0.088243      -0.567705      0.574515      0.003040
2.400000      0.543162      0.002912      -0.130812      -0.560693      0.575742      0.003086
2.500000      0.544366      0.002902      -0.172826      -0.550492      0.576976      0.003075
2.600000      0.545546      0.002853      -0.214040      -0.537129      0.578197      0.003024
2.700000      0.546692      0.002779      -0.254210      -0.520655      0.579392      0.002945
2.800000      0.547797      0.002687      -0.293093      -0.501144      0.580552      0.002847
2.900000      0.548859      0.002584      -0.330454      -0.478693      0.581670      0.002738
3.000000      0.549875      0.002474      -0.366067      -0.453421      0.582742      0.002622
3.100000      0.550844      0.002363      -0.399715      -0.425464      0.583768      0.002504
3.200000      0.551766      0.002251      -0.431192      -0.394978      0.584746      0.002385
3.300000      0.552642      0.002140      -0.460307      -0.362134      0.585677      0.002268
3.400000      0.553474      0.002032      -0.486881      -0.327118      0.586562      0.002154
3.500000      0.554263      0.001928      -0.510753      -0.290132      0.587402      0.002044
3.600000      0.555010      0.001829      -0.531777      -0.251386      0.588199      0.001938
3.700000      0.555719      0.001733      -0.549823      -0.211104      0.588954      0.001837
3.800000      0.556390      0.001643      -0.564780      -0.169518      0.589670      0.001741
3.900000      0.557026      0.001557      -0.576557      -0.126868      0.590348      0.001650
4.000000      0.557629      0.001476      -0.585078      -0.083401      0.590991      0.001564
4.100000      0.558200      0.001399      -0.590291      -0.039367      0.591600      0.001482
4.200000      0.558741      0.001326      -0.592158      0.004979      0.592178      0.001406
4.300000      0.559254      0.001258      -0.590666      0.049380      0.592725      0.001333
4.400000      0.559741      0.001194      -0.585819      0.093582      0.593245      0.001265
4.500000      0.560203      0.001133      -0.577639      0.137328      0.593738      0.001201
4.600000      0.560642      0.001076      -0.566172      0.180367      0.594206      0.001140
4.700000      0.561059      0.001022      -0.551478      0.222449      0.594651      0.001084
4.800000      0.561455      0.000972      -0.533638      0.263333      0.595074      0.001030
4.900000      0.561832      0.000924      -0.512753      0.302782      0.595476      0.000980
5.000000      0.562190      0.000880      -0.488938      0.340570      0.595858      0.000932
5.100000      0.562531      0.000838      -0.462326      0.376478      0.596222      0.000888
5.200000      0.562856      0.000798      -0.433069      0.410300      0.596569      0.000846
5.300000      0.563166      0.000761      -0.401330      0.441841      0.596899      0.000806
5.400000      0.563462      0.000725      -0.367288      0.470919      0.597214      0.000769
5.500000      0.563743      0.000692      -0.331137      0.497366      0.597514      0.000734
5.600000      0.564012      0.000661      -0.293079      0.521029      0.597801      0.000700
5.700000      0.564269      0.000631      -0.253330      0.541773      0.598075      0.000669
5.800000      0.564515      0.000603      -0.212116      0.559477      0.598337      0.000640
5.900000      0.564750      0.000577      -0.169669      0.574038      0.598587      0.000612
6.000000      0.564974      0.000552      -0.126230      0.585371      0.598826      0.000585
6.100000      0.565189      0.000529      -0.082045      0.593411      0.599055      0.000560
6.200000      0.565395      0.000506      -0.037364      0.598109      0.599275      0.000537
6.300000      0.565593      0.000485      0.007560      0.599437      0.599485      0.000514
6.400000      0.565782      0.000465      0.052472      0.597387      0.599686      0.000493
6.500000      0.565963      0.000446      0.097118      0.591966      0.599880      0.000473
6.600000      0.566137      0.000428      0.141244      0.583205      0.600065      0.000454
6.700000      0.566304      0.000411      0.184601      0.571151      0.600243      0.000436
6.800000      0.566465      0.000395      0.226943      0.555872      0.600414      0.000419
6.900000      0.566619      0.000380      0.268030      0.537451      0.600578      0.000402
7.000000      0.566767      0.000365      0.307628      0.515993      0.600736      0.000387
7.100000      0.566910      0.000351      0.345514      0.491616      0.600887      0.000372
7.200000      0.567047      0.000338      0.381472      0.464457      0.601034      0.000358
7.300000      0.567179      0.000325      0.415298      0.434670      0.601174      0.000345
7.400000      0.567306      0.000313      0.446801      0.402420      0.601309      0.000332
7.500000      0.567429      0.000302      0.475801      0.367890      0.601440      0.000320
7.600000      0.567547      0.000291      0.502135      0.331274      0.601566      0.000308
7.700000      0.567661      0.000281      0.525651      0.292776      0.601687      0.000298
7.800000      0.567771      0.000271      0.546217      0.252616      0.601804      0.000287
7.900000      0.567877      0.000261      0.563716      0.211017      0.601916      0.000277
8.000000      0.567979      0.000252      0.578047      0.168215      0.602025      0.000267
8.100000      0.568078      0.000244      0.589129      0.124451      0.602130      0.000258
8.200000      0.568174      0.000235      0.596899      0.079972      0.602232      0.000250
8.300000      0.568266      0.000228      0.601311      0.035027      0.602330      0.000241
8.400000      0.568355      0.000220      0.602340      -0.010129      0.602425      0.000233
8.500000      0.568442      0.000213      0.599979      -0.055242      0.602517      0.000226
8.600000      0.568525      0.000206      0.594241      -0.100058      0.602606      0.000218
8.700000      0.568606      0.000199      0.585156      -0.144323      0.602692      0.000211
8.800000      0.568684      0.000193      0.572776      -0.187789      0.602775      0.000205
8.900000      0.568760      0.000187      0.557169      -0.230210      0.602855      0.000198
9.000000      0.568833      0.000181      0.538423      -0.271347      0.602933      0.000192
9.100000      0.568904      0.000175      0.516642      -0.310967      0.603009      0.000186
9.200000      0.568973      0.000170      0.491949      -0.348847      0.603082      0.000180
9.300000      0.569040      0.000165      0.464482      -0.384773      0.603153      0.000175
9.400000      0.569105      0.000160      0.434395      -0.418542      0.603222      0.000170
9.500000      0.569168      0.000155      0.401857      -0.449965      0.603289      0.000165
9.600000      0.569229      0.000151      0.367051      -0.478862      0.603354      0.000160
9.700000      0.569288      0.000146      0.330173      -0.505072      0.603416      0.000155
9.800000      0.569346      0.000142      0.291429      -0.528445      0.603478      0.000151
9.900000      0.569401      0.000138      0.251038      -0.548850      0.603537      0.000146
10.000000      0.569456      0.000134      0.209227      -0.566172      0.603595      0.000142
10.100000      0.569508      0.000130      0.166231      -0.580311      0.603651      0.000138
10.200000      0.569560      0.000127      0.122293      -0.591189      0.603705      0.000134
10.300000      0.569609      0.000123      0.077658      -0.598743      0.603758      0.000130
10.400000      0.569658      0.000120      0.032579      -0.602930      0.603809      0.000127
10.500000      0.569705      0.000116      -0.012691      -0.603726      0.603860      0.000123
10.600000      0.569751      0.000113      -0.057897      -0.601127      0.603908      0.000120
10.700000      0.569796      0.000110      -0.102785      -0.595145      0.603956      0.000117
10.800000      0.569839      0.000107      -0.147101      -0.585815      0.604002      0.000114
10.900000      0.569881      0.000105      -0.190597      -0.573189      0.604047      0.000111
11.000000      0.569923      0.000102      -0.233027      -0.557336      0.604091      0.000108
11.100000      0.569963      0.000099      -0.274152      -0.538347      0.604133      0.000105
11.200000      0.570002      0.000097      -0.313741      -0.516327      0.604175      0.000102
11.300000      0.570040      0.000094      -0.351571      -0.491400      0.604215      0.000100
11.400000      0.570077      0.000092      -0.387428      -0.463706      0.604255      0.000097
11.500000      0.570113      0.000090      -0.421111      -0.433400      0.604293      0.000095
11.600000      0.570149      0.000087      -0.452430      -0.400653      0.604331      0.000093
11.700000      0.570183      0.000085      -0.481208      -0.365648      0.604367      0.000090
11.800000      0.570217      0.000083      -0.507283      -0.328583      0.604403      0.000088
11.900000      0.570249      0.000081      -0.530508      -0.289665      0.604438      0.000086
12.000000      0.570281      0.000079      -0.550752      -0.249114      0.604472      0.000084
12.100000      0.570313      0.000077      -0.567901      -0.207157      0.604505      0.000082
12.200000      0.570343      0.000075      -0.581858      -0.164031      0.604537      0.000080
12.300000      0.570373      0.000074      -0.592544      -0.119978      0.604569      0.000078
12.400000      0.570402      0.000072      -0.599899      -0.075245      0.604599      0.000076
12.500000      0.570430      0.000070      -0.603881      -0.030085      0.604630      0.000074
12.600000      0.570458      0.000069      -0.604467      0.015249      0.604659      0.000073
12.700000      0.570485      0.000067      -0.601653      0.060502      0.604688      0.000071
12.800000      0.570512      0.000066      -0.595456      0.105418      0.604716      0.000069
12.900000      0.570537      0.000064      -0.585910      0.149746      0.604743      0.000068
13.000000      0.570563      0.000063      -0.573068      0.193236      0.604770      0.000066
13.100000      0.570588      0.000061      -0.557002      0.235643      0.604797      0.000065
13.200000      0.570612      0.000060      -0.537803      0.276728      0.604822      0.000064
13.300000      0.570635      0.000059      -0.515577      0.316260      0.604847      0.000062
13.400000      0.570659      0.000057      -0.490450      0.354018      0.604872      0.000061
13.500000      0.570681      0.000056      -0.462563      0.389787      0.604896      0.000059
13.600000      0.570703      0.000055      -0.432073      0.423368      0.604920      0.000058
13.700000      0.570725      0.000054      -0.399151      0.454570      0.604943      0.000057
13.800000      0.570746      0.000053      -0.363982      0.483219      0.604965      0.000056
13.900000      0.570767      0.000052      -0.326763      0.509152      0.604987      0.000055
14.000000      0.570787      0.000050      -0.287704      0.532224      0.605009      0.000053
14.100000      0.570807      0.000049      -0.247025      0.552304      0.605030      0.000052
14.200000      0.570827      0.000048      -0.204953      0.569281      0.605051      0.000051
14.300000      0.570846      0.000047      -0.161726      0.583057      0.605071      0.000050
14.400000      0.570865      0.000046      -0.117587      0.593556      0.605091      0.000049
14.500000      0.570883      0.000045      -0.072784      0.600717      0.605110      0.000048
14.600000      0.570901      0.000045      -0.027569      0.604501      0.605129      0.000047
14.700000      0.570919      0.000044      0.017804      0.604886      0.605148      0.000046
14.800000      0.570936      0.000043      0.063080      0.601870      0.605166      0.000045
14.900000      0.570953      0.000042      0.108004      0.595469      0.605184      0.000045
15.000000      0.570970      0.000041      0.152323      0.585719      0.605202      0.000044
15.100000      0.570986      0.000040      0.195788      0.572676      0.605219      0.000043
15.200000      0.571002      0.000040      0.238155      0.556411      0.605236      0.000042
15.300000      0.571018      0.000039      0.279185      0.537017      0.605253      0.000041
15.400000      0.571033      0.000038      0.318647      0.514602      0.605269      0.000040
15.500000      0.571048      0.000037      0.356320      0.489292      0.605285      0.000040
15.600000      0.571063      0.000037      0.391991      0.461229      0.605301      0.000039
15.700000      0.571077      0.000036      0.425459      0.430572      0.605316      0.000038
15.800000      0.571092      0.000035      0.456537      0.397492      0.605332      0.000037
15.900000      0.571106      0.000035      0.485050      0.362175      0.605346      0.000037
16.000000      0.571119      0.000034      0.510836      0.324820      0.605361      0.000036
16.100000      0.571133      0.000033      0.533751      0.285637      0.605375      0.000035
16.200000      0.571146      0.000033      0.553667      0.244846      0.605389      0.000035
16.300000      0.571159      0.000032      0.570469      0.202676      0.605403      0.000034
16.400000      0.571172      0.000032      0.584065      0.159365      0.605417      0.000034
16.500000      0.571184      0.000031      0.594377      0.115156      0.605430      0.000033
16.600000      0.571197      0.000031      0.601348      0.070297      0.605443      0.000032
16.700000      0.571209      0.000030      0.604938      0.025041      0.605456      0.000032
16.800000      0.571221      0.000029      0.605126      -0.020358      0.605468      0.000031
16.900000      0.571232      0.000029      0.601912      -0.065644      0.605481      0.000031
17.000000      0.571244      0.000028      0.595313      -0.110563      0.605493      0.000030
17.100000      0.571255      0.000028      0.585367      -0.154861      0.605505      0.000030
17.200000      0.571266      0.000028      0.572129      -0.198291      0.605517      0.000029
17.300000      0.571277      0.000027      0.555673      -0.240608      0.605528      0.000029
17.400000      0.571288      0.000027      0.536092      -0.281573      0.605540      0.000028
17.500000      0.571298      0.000026      0.513496      -0.320957      0.605551      0.000028
17.600000      0.571309      0.000026      0.488013      -0.358537      0.605562      0.000027
17.700000      0.571319      0.000025      0.459784      -0.394103      0.605573      0.000027
17.800000      0.571329      0.000025      0.428969      -0.427454      0.605583      0.000026
17.900000      0.571339      0.000024      0.395741      -0.458403      0.605594      0.000026
18.000000      0.571348      0.000024      0.360286      -0.486775      0.605604      0.000025
18.100000      0.571358      0.000024      0.322805      -0.512411      0.605614      0.000025
18.200000      0.571367      0.000023      0.283507      -0.535167      0.605624      0.000025
18.300000      0.571377      0.000023      0.242614      -0.554915      0.605634      0.000024
18.400000      0.571386      0.000023      0.200356      -0.571543      0.605643      0.000024
18.500000      0.571395      0.000022      0.156970      -0.584958      0.605653      0.000023
18.600000      0.571403      0.000022      0.112699      -0.595085      0.605662      0.000023
18.700000      0.571412      0.000021      0.067794      -0.601865      0.605671      0.000023
18.800000      0.571421      0.000021      0.022506      -0.605262      0.605680      0.000022
18.900000      0.571429      0.000021      -0.022910      -0.605256      0.605689      0.000022
19.000000      0.571437      0.000020      -0.068198      -0.601847      0.605698      0.000022
19.100000      0.571445      0.000020      -0.113104      -0.595053      0.605707      0.000021
19.200000      0.571453      0.000020      -0.157375      -0.584914      0.605715      0.000021
19.300000      0.571461      0.000020      -0.200763      -0.571485      0.605724      0.000021
19.400000      0.571469      0.000019      -0.243023      -0.554843      0.605732      0.000020
19.500000      0.571477      0.000019      -0.283918      -0.535081      0.605740      0.000020
19.600000      0.571484      0.000019      -0.323218      -0.512309      0.605748      0.000020
19.700000      0.571492      0.000018      -0.360701      -0.486657      0.605756      0.000020
19.800000      0.571499      0.000018      -0.396157      -0.458267      0.605763      0.000019
19.900000      0.571506      0.000018      -0.429387      -0.427301      0.605771      0.000019
20.000000      0.571513      0.000018      -0.460203      -0.393930      0.605779      0.000019
20.100000      0.571520      0.000017      -0.488432      -0.358345      0.605786      0.000018
20.200000      0.571527      0.000017      -0.513916      -0.320743      0.605793      0.000018
20.300000      0.571534      0.000017      -0.536511      -0.281337      0.605801      0.000018
20.400000      0.571540      0.000017      -0.556089      -0.240348      0.605808      0.000018
20.500000      0.571547      0.000016      -0.572542      -0.198007      0.605815      0.000017
20.600000      0.571553      0.000016      -0.585776      -0.154552      0.605821      0.000017
20.700000      0.571560      0.000016      -0.595716      -0.110227      0.605828      0.000017
20.800000      0.571566      0.000016      -0.602308      -0.065281      0.605835      0.000017
20.900000      0.571572      0.000015      -0.605512      -0.019967      0.605842      0.000016
21.000000      0.571579      0.000015      -0.605313      0.025460      0.605848      0.000016
21.100000      0.571585      0.000015      -0.601710      0.070745      0.605854      0.000016
21.200000      0.571591      0.000015      -0.594724      0.115634      0.605861      0.000016
21.300000      0.571596      0.000015      -0.584393      0.159873      0.605867      0.000015
21.400000      0.571602      0.000014      -0.570777      0.203214      0.605873      0.000015
21.500000      0.571608      0.000014      -0.553951      0.245413      0.605879      0.000015
21.600000      0.571614      0.000014      -0.534011      0.286233      0.605885      0.000015
21.700000      0.571619      0.000014      -0.511067      0.325445      0.605891      0.000015
21.800000      0.571625      0.000014      -0.485249      0.362828      0.605897      0.000014
21.900000      0.571630      0.000013      -0.456703      0.398171      0.605903      0.000014
22.000000      0.571635      0.000013      -0.425588      0.431277      0.605908      0.000014
22.100000      0.571641      0.000013      -0.392080      0.461958      0.605914      0.000014
22.200000      0.571646      0.000013      -0.356367      0.490042      0.605919      0.000014
22.300000      0.571651      0.000013      -0.318649      0.515371      0.605925      0.000013
22.400000      0.571656      0.000013      -0.279139      0.537804      0.605930      0.000013
22.500000      0.571661      0.000012      -0.238059      0.557212      0.605935      0.000013
22.600000      0.571666      0.000012      -0.195640      0.573489      0.605941      0.000013
22.700000      0.571671      0.000012      -0.152120      0.586541      0.605946      0.000013
22.800000      0.571676      0.000012      -0.107744      0.596295      0.605951      0.000013
22.900000      0.571680      0.000012      -0.062761      0.602697      0.605956      0.000012
23.000000      0.571685      0.000012      -0.017425      0.605710      0.605961      0.000012
23.100000      0.571690      0.000011      0.028010      0.605318      0.605966      0.000012
23.200000      0.571694      0.000011      0.073288      0.601522      0.605971      0.000012
23.300000      0.571699      0.000011      0.118155      0.594345      0.605975      0.000012
23.400000      0.571703      0.000011      0.162358      0.583825      0.605980      0.000012
23.500000      0.571707      0.000011      0.205649      0.570023      0.605985      0.000012
23.600000      0.571712      0.000011      0.247785      0.553015      0.605989      0.000011
23.700000      0.571716      0.000011      0.288527      0.532898      0.605994      0.000011
23.800000      0.571720      0.000010      0.327649      0.509785      0.605998      0.000011
23.900000      0.571724      0.000010      0.364928      0.483804      0.606003      0.000011
24.000000      0.571729      0.000010      0.400157      0.455104      0.606007      0.000011
24.100000      0.571733      0.000010      0.433136      0.423844      0.606011      0.000011
24.200000      0.571737      0.000010      0.463680      0.390200      0.606016      0.000011
24.300000      0.571741      0.000010      0.491617      0.354362      0.606020      0.000010
24.400000      0.571745      0.000010      0.516791      0.316532      0.606024      0.000010
24.500000      0.571748      0.000010      0.539059      0.276921      0.606028      0.000010
24.600000      0.571752      0.000010      0.558297      0.235752      0.606032      0.000010
24.700000      0.571756      0.000009      0.574397      0.193258      0.606036      0.000010
24.800000      0.571760      0.000009      0.587266      0.149676      0.606040      0.000010
24.900000      0.571763      0.000009      0.596834      0.105252      0.606044      0.000010
25.000000      0.571767      0.000009      0.603047      0.060236      0.606048      0.000010
25.100000      0.571771      0.000009      0.605869      0.014881      0.606052      0.000009
25.200000      0.571774      0.000009      0.605285      -0.030559      0.606056      0.000009
25.300000      0.571778      0.000009      0.601297      -0.075827      0.606059      0.000009
25.400000      0.571781      0.000009      0.593929      -0.120670      0.606063      0.000009
25.500000      0.571785      0.000009      0.583221      -0.164835      0.606067      0.000009
25.600000      0.571788      0.000008      0.569233      -0.208073      0.606070      0.000009
25.700000      0.571791      0.000008      0.552046      -0.250142      0.606074      0.000009
25.800000      0.571795      0.000008      0.531754      -0.290805      0.606077      0.000009
25.900000      0.571798      0.000008      0.508472      -0.329834      0.606081      0.000009
26.000000      0.571801      0.000008      0.482331      -0.367008      0.606084      0.000009
26.100000      0.571804      0.000008      0.453478      -0.402120      0.606088      0.000008
26.200000      0.571808      0.000008      0.422075      -0.434971      0.606091      0.000008
26.300000      0.571811      0.000008      0.388298      -0.465376      0.606094      0.000008
26.400000      0.571814      0.000008      0.352338      -0.493166      0.606098      0.000008
26.500000      0.571817      0.000008      0.314396      -0.518183      0.606101      0.000008
26.600000      0.571820      0.000008      0.274687      -0.540286      0.606104      0.000008
26.700000      0.571823      0.000007      0.233432      -0.559353      0.606107      0.000008
26.800000      0.571826      0.000007      0.190865      -0.575274      0.606110      0.000008
26.900000      0.571829      0.000007      0.147224      -0.587961      0.606113      0.000008
27.000000      0.571832      0.000007      0.102755      -0.597343      0.606117      0.000008
27.100000      0.571835      0.000007      0.057707      -0.603366      0.606120      0.000008
27.200000      0.571837      0.000007      0.012335      -0.605997      0.606123      0.000007
27.300000      0.571840      0.000007      -0.033107      -0.605221      0.606126      0.000007
27.400000      0.571843      0.000007      -0.078363      -0.601042      0.606128      0.000007
27.500000      0.571846      0.000007      -0.123179      -0.593483      0.606131      0.000007
27.600000      0.571848      0.000007      -0.167303      -0.582588      0.606134      0.000007
27.700000      0.571851      0.000007      -0.210487      -0.568416      0.606137      0.000007
27.800000      0.571854      0.000007      -0.252488      -0.551049      0.606140      0.000007
27.900000      0.571856      0.000007      -0.293069      -0.530584      0.606143      0.000007
28.000000      0.571859      0.000006      -0.332004      -0.507135      0.606145      0.000007
28.100000      0.571862      0.000006      -0.369071      -0.480835      0.606148      0.000007
28.200000      0.571864      0.000006      -0.404064      -0.451830      0.606151      0.000007
28.300000      0.571867      0.000006      -0.436786      -0.420286      0.606154      0.000007
28.400000      0.571869      0.000006      -0.467052      -0.386378      0.606156      0.000007
28.500000      0.571872      0.000006      -0.494692      -0.350297      0.606159      0.000006
28.600000      0.571874      0.000006      -0.519552      -0.312246      0.606161      0.000006
28.700000      0.571876      0.000006      -0.541490      -0.272440      0.606164      0.000006
28.800000      0.571879      0.000006      -0.560384      -0.231101      0.606166      0.000006
28.900000      0.571881      0.000006      -0.576127      -0.188463      0.606169      0.000006
29.000000      0.571884      0.000006      -0.588631      -0.144765      0.606171      0.000006
29.100000      0.571886      0.000006      -0.597826      -0.100252      0.606174      0.000006
29.200000      0.571888      0.000006      -0.603660      -0.055176      0.606176      0.000006
29.300000      0.571890      0.000006      -0.606100      -0.009788      0.606179      0.000006
29.400000      0.571893      0.000006      -0.605132      0.035654      0.606181      0.000006
29.500000      0.571895      0.000006      -0.600761      0.080896      0.606183      0.000006
29.600000      0.571897      0.000005      -0.593013      0.125684      0.606186      0.000006
29.700000      0.571899      0.000005      -0.581931      0.169766      0.606188      0.000006
29.800000      0.571901      0.000005      -0.567577      0.212893      0.606190      0.000006
29.900000      0.571904      0.000005      -0.550031      0.254824      0.606193      0.000006
30.000000      0.571906      0.000005      -0.529393      0.295323      0.606195      0.000006
