# FQM_w,     FQM_I,    FQM_I_of_C_after_erf  
-20.000000       0.000108       -0.003643 
-19.980000       -0.003740       -0.003620 
-19.960000       -0.007479       -0.003596 
-19.940000       -0.007649       -0.003572 
-19.920000       -0.004070       -0.003548 
-19.900000       -0.000010       -0.003524 
-19.880000       0.000820       -0.003501 
-19.860000       -0.002324       -0.003478 
-19.840000       -0.006532       -0.003455 
-19.820000       -0.007912       -0.003433 
-19.800000       -0.005174       -0.003410 
-19.780000       -0.000811       -0.003386 
-19.760000       0.001185       -0.003364 
-19.740000       -0.001002       -0.003342 
-19.720000       -0.005342       -0.003320 
-19.700000       -0.007825       -0.003298 
-19.680000       -0.006146       -0.003276 
-19.660000       -0.001826       -0.003253 
-19.640000       0.001183       -0.003231 
-19.620000       0.000134       -0.003210 
-19.600000       -0.003992       -0.003189 
-19.580000       -0.007382       -0.003168 
-19.560000       -0.006898       -0.003147 
-19.540000       -0.002964       -0.003125 
-19.520000       0.000825       -0.003104 
-19.500000       0.001002       -0.003083 
-19.480000       -0.002578       -0.003062 
-19.460000       -0.006606       -0.003042 
-19.440000       -0.007360       -0.003022 
-19.420000       -0.004124       -0.003001 
-19.400000       0.000147       -0.002981 
-19.380000       0.001544       -0.002960 
-19.360000       -0.001201       -0.002941 
-19.340000       -0.005549       -0.002921 
-19.320000       -0.007482       -0.002902 
-19.300000       -0.005204       -0.002882 
-19.280000       -0.000788       -0.002862 
-19.260000       0.001724       -0.002842 
-19.240000       0.000037       -0.002823 
-19.220000       -0.004282       -0.002805 
-19.200000       -0.007246       -0.002786 
-19.180000       -0.006110       -0.002767 
-19.160000       -0.001898       -0.002748 
-19.140000       0.001535       -0.002729 
-19.120000       0.001049       -0.002710 
-19.100000       -0.002895       -0.002692 
-19.080000       -0.006657       -0.002674 
-19.060000       -0.006758       -0.002656 
-19.040000       -0.003086       -0.002638 
-19.020000       0.001001       -0.002619 
-19.000000       0.001762       -0.002601 
-18.980000       -0.001491       -0.002584 
-18.960000       -0.005752       -0.002567 
-18.940000       -0.007087       -0.002549 
-18.920000       -0.004249       -0.002532 
-18.900000       0.000171       -0.002514 
-18.880000       0.002126       -0.002496 
-18.860000       -0.000170       -0.002479 
-18.840000       -0.004593       -0.002463 
-18.820000       -0.007060       -0.002446 
-18.800000       -0.005286       -0.002429 
-18.780000       -0.000882       -0.002412 
-18.760000       0.002118       -0.002395 
-18.740000       0.000969       -0.002379 
-18.720000       -0.003261       -0.002363 
-18.700000       -0.006670       -0.002347 
-18.680000       -0.006105       -0.002331 
-18.660000       -0.002068       -0.002314 
-18.640000       0.001747       -0.002298 
-18.620000       0.001844       -0.002282 
-18.600000       -0.001855       -0.002267 
-18.580000       -0.005936       -0.002252 
-18.560000       -0.006633       -0.002236 
-18.540000       -0.003285       -0.002220 
-18.520000       0.001046       -0.002204 
-18.500000       0.002391       -0.002189 
-18.480000       -0.000476       -0.002174 
-18.460000       -0.004908       -0.002160 
-18.440000       -0.006817       -0.002145 
-18.420000       -0.004429       -0.002130 
-18.400000       0.000077       -0.002114 
-18.380000       0.002572       -0.002099 
-18.360000       0.000772       -0.002085 
-18.340000       -0.003658       -0.002071 
-18.320000       -0.006633       -0.002057 
-18.300000       -0.005401       -0.002042 
-18.280000       -0.001078       -0.002028 
-18.260000       0.002377       -0.002013 
-18.240000       0.001796       -0.001999 
-18.220000       -0.002277       -0.001986 
-18.200000       -0.006087       -0.001972 
-18.180000       -0.006116       -0.001958 
-18.160000       -0.002320       -0.001944 
-18.140000       0.001826       -0.001930 
-18.120000       0.002521       -0.001917 
-18.100000       -0.000866       -0.001904 
-18.080000       -0.005212       -0.001891 
-18.060000       -0.006508       -0.001878 
-18.040000       -0.003545       -0.001864 
-18.020000       0.000968       -0.001851 
-18.000000       0.002893       -0.001837 
-17.980000       0.000468       -0.001825 
-17.960000       -0.004070       -0.001812 
-17.940000       -0.006537       -0.001800 
-17.920000       -0.004649       -0.001787 
-17.900000       -0.000125       -0.001774 
-17.880000       0.002887       -0.001761 
-17.860000       0.001627       -0.001749 
-17.840000       -0.002741       -0.001737 
-17.820000       -0.006191       -0.001725 
-17.800000       -0.005536       -0.001713 
-17.780000       -0.001363       -0.001700 
-17.760000       0.002506       -0.001688 
-17.740000       0.002521       -0.001676 
-17.720000       -0.001326       -0.001664 
-17.700000       -0.005489       -0.001653 
-17.680000       -0.006129       -0.001641 
-17.660000       -0.002640       -0.001629 
-17.640000       0.001783       -0.001617 
-17.620000       0.003083       -0.001606 
-17.600000       0.000071       -0.001595 
-17.580000       -0.004478       -0.001584 
-17.560000       -0.006371       -0.001573 
-17.540000       -0.003851       -0.001561 
-17.520000       0.000779       -0.001550 
-17.500000       0.003273       -0.001538 
-17.480000       0.001343       -0.001528 
-17.460000       -0.003231       -0.001517 
-17.440000       -0.006235       -0.001507 
-17.420000       -0.004893       -0.001496 
-17.400000       -0.000423       -0.001485 
-17.380000       0.003076       -0.001474 
-17.360000       0.002394       -0.001463 
-17.340000       -0.001839       -0.001453 
-17.320000       -0.005723       -0.001443 
-17.300000       -0.005675       -0.001433 
-17.280000       -0.001723       -0.001422 
-17.260000       0.002511       -0.001412 
-17.240000       0.003143       -0.001401 
-17.220000       -0.000407       -0.001392 
-17.200000       -0.004868       -0.001382 
-17.180000       -0.006128       -0.001372 
-17.160000       -0.003015       -0.001362 
-17.140000       0.001624       -0.001352 
-17.120000       0.003532       -0.001342 
-17.100000       0.000957       -0.001333 
-17.080000       -0.003729       -0.001324 
-17.060000       -0.006209       -0.001314 
-17.040000       -0.004189       -0.001305 
-17.020000       0.000488       -0.001295 
-17.000000       0.003532       -0.001285 
-16.980000       0.002148       -0.001276 
-16.960000       -0.002389       -0.001267 
-16.940000       -0.005901       -0.001258 
-16.920000       -0.005146       -0.001249 
-16.900000       -0.000804       -0.001240 
-16.880000       0.003144       -0.001230 
-16.860000       0.003073       -0.001221 
-16.840000       -0.000950       -0.001213 
-16.820000       -0.005222       -0.001205 
-16.800000       -0.005804       -0.001196 
-16.780000       -0.002147       -0.001187 
-16.760000       0.002400       -0.001178 
-16.740000       0.003662       -0.001169 
-16.720000       0.000480       -0.001161 
-16.700000       -0.004218       -0.001153 
-16.680000       -0.006103       -0.001145 
-16.660000       -0.003429       -0.001136 
-16.640000       0.001360       -0.001128 
-16.620000       0.003867       -0.001119 
-16.600000       0.001790       -0.001111 
-16.580000       -0.002961       -0.001104 
-16.560000       -0.006011       -0.001096 
-16.540000       -0.004543       -0.001088 
-16.520000       0.000107       -0.001079 
-16.500000       0.003674       -0.001071 
-16.480000       0.002880       -0.001063 
-16.460000       -0.001544       -0.001056 
-16.440000       -0.005527       -0.001049 
-16.420000       -0.005395       -0.001041 
-16.400000       -0.001256       -0.001033 
-16.380000       0.003096       -0.001025 
-16.360000       0.003663       -0.001017 
-16.340000       -0.000076       -0.001010 
-16.320000       -0.004682       -0.001003 
-16.300000       -0.005911       -0.000996 
-16.280000       -0.002619       -0.000988 
-16.260000       0.002180       -0.000981 
-16.240000       0.004078       -0.000973 
-16.220000       0.001331       -0.000966 
-16.200000       -0.003535       -0.000960 
-16.180000       -0.006041       -0.000953 
-16.160000       -0.003868       -0.000946 
-16.140000       0.000998       -0.000938 
-16.120000       0.004091       -0.000931 
-16.100000       0.002568       -0.000924 
-16.080000       -0.002172       -0.000918 
-16.060000       -0.005767       -0.000912 
-16.040000       -0.004900       -0.000905 
-16.020000       -0.000354       -0.000898 
-16.000000       0.003700       -0.000891 
-15.980000       0.003537       -0.000884 
-15.960000       -0.000695       -0.000878 
-15.940000       -0.005104       -0.000872 
-15.920000       -0.005626       -0.000866 
-15.900000       -0.001767       -0.000859 
-15.880000       0.002935       -0.000852 
-15.860000       0.004161       -0.000845 
-15.840000       0.000782       -0.000839 
-15.820000       -0.004096       -0.000834 
-15.800000       -0.005981       -0.000828 
-15.780000       -0.003127       -0.000821 
-15.760000       0.001855       -0.000815 
-15.740000       0.004390       -0.000808 
-15.720000       0.002145       -0.000803 
-15.700000       -0.002818       -0.000797 
-15.680000       -0.005930       -0.000792 
-15.660000       -0.004319       -0.000786 
-15.640000       0.000547       -0.000779 
-15.620000       0.004203       -0.000773 
-15.600000       0.003286       -0.000767 
-15.580000       -0.001363       -0.000762 
-15.560000       -0.005469       -0.000757 
-15.540000       -0.005246       -0.000751 
-15.520000       -0.000885       -0.000745 
-15.500000       0.003613       -0.000739 
-15.480000       0.004115       -0.000733 
-15.460000       0.000155       -0.000728 
-15.440000       -0.004626       -0.000723 
-15.420000       -0.005825       -0.000718 
-15.400000       -0.002326       -0.000712 
-15.380000       0.002666       -0.000707 
-15.360000       0.004564       -0.000701 
-15.340000       0.001620       -0.000696 
-15.320000       -0.003463       -0.000691 
-15.300000       -0.006005       -0.000686 
-15.280000       -0.003657       -0.000681 
-15.260000       0.001435       -0.000675 
-15.240000       0.004595       -0.000670 
-15.220000       0.002916       -0.000665 
-15.200000       -0.002064       -0.000661 
-15.180000       -0.005762       -0.000656 
-15.160000       -0.004769       -0.000651 
-15.140000       0.000017       -0.000646 
-15.120000       0.004203       -0.000640 
-15.100000       0.003940       -0.000636 
-15.080000       -0.000536       -0.000631 
-15.060000       -0.005109       -0.000627 
-15.040000       -0.005567       -0.000622 
-15.020000       -0.001474       -0.000617 
-15.000000       0.003416       -0.000612 
-14.980000       0.004610       -0.000607 
-14.960000       0.001003       -0.000603 
-14.940000       -0.004090       -0.000599 
-14.920000       -0.005981       -0.000595 
-14.900000       -0.002918       -0.000590 
-14.880000       0.002295       -0.000585 
-14.860000       0.004869       -0.000580 
-14.840000       0.002432       -0.000576 
-14.820000       -0.002778       -0.000572 
-14.800000       -0.005970       -0.000568 
-14.780000       -0.004196       -0.000564 
-14.760000       0.000926       -0.000559 
-14.740000       0.004693       -0.000554 
-14.720000       0.003639       -0.000550 
-14.700000       -0.001274       -0.000546 
-14.680000       -0.005528       -0.000543 
-14.660000       -0.005203       -0.000539 
-14.640000       -0.000583       -0.000534 
-14.620000       0.004092       -0.000529 
-14.600000       0.004524       -0.000525 
-14.580000       0.000308       -0.000522 
-14.560000       -0.004681       -0.000518 
-14.540000       -0.005851       -0.000515 
-14.520000       -0.002110       -0.000510 
-14.500000       0.003112       -0.000506 
-14.480000       0.005016       -0.000502 
-14.460000       0.001845       -0.000498 
-14.440000       -0.003490       -0.000495 
-14.420000       -0.006081       -0.000491 
-14.400000       -0.003532       -0.000487 
-14.380000       0.001826       -0.000483 
-14.360000       0.005071       -0.000479 
-14.340000       0.003215       -0.000476 
-14.320000       -0.002043       -0.000473 
-14.300000       -0.005868       -0.000469 
-14.280000       -0.004732       -0.000466 
-14.260000       0.000335       -0.000462 
-14.240000       0.004681       -0.000458 
-14.220000       0.004307       -0.000454 
-14.200000       -0.000451       -0.000451 
-14.180000       -0.005220       -0.000448 
-14.160000       -0.005608       -0.000445 
-14.140000       -0.001243       -0.000441 
-14.120000       0.003871       -0.000437 
-14.100000       0.005032       -0.000433 
-14.080000       0.001164       -0.000430 
-14.060000       -0.004181       -0.000428 
-14.040000       -0.006084       -0.000425 
-14.020000       -0.002782       -0.000421 
-14.000000       0.002703       -0.000417 
-13.980000       0.005329       -0.000414 
-13.960000       0.002675       -0.000411 
-13.940000       -0.002827       -0.000408 
-13.920000       -0.006115       -0.000405 
-13.900000       -0.004155       -0.000402 
-13.880000       0.001265       -0.000398 
-13.860000       0.005168       -0.000395 
-13.840000       0.003959       -0.000392 
-13.820000       -0.001259       -0.000389 
-13.800000       -0.005689       -0.000387 
-13.780000       -0.005250       -0.000384 
-13.760000       -0.000329       -0.000380 
-13.740000       0.004557       -0.000377 
-13.720000       0.004913       -0.000374 
-13.700000       0.000402       -0.000372 
-13.680000       -0.004833       -0.000369 
-13.660000       -0.005972       -0.000367 
-13.640000       -0.001953       -0.000363 
-13.620000       0.003540       -0.000360 
-13.600000       0.005457       -0.000357 
-13.580000       0.002026       -0.000354 
-13.560000       -0.003605       -0.000352 
-13.540000       -0.006257       -0.000350 
-13.520000       -0.003477       -0.000347 
-13.500000       0.002192       -0.000344 
-13.480000       0.005542       -0.000341 
-13.460000       0.003484       -0.000338 
-13.440000       -0.002098       -0.000336 
-13.420000       -0.006073       -0.000334 
-13.400000       -0.004774       -0.000331 
-13.380000       0.000619       -0.000328 
-13.360000       0.005155       -0.000325 
-13.340000       0.004658       -0.000322 
-13.320000       -0.000426       -0.000320 
-13.300000       -0.005426       -0.000318 
-13.280000       -0.005737       -0.000316 
-13.260000       -0.001057       -0.000313 
-13.240000       0.004321       -0.000310 
-13.220000       0.005450       -0.000307 
-13.200000       0.001281       -0.000305 
-13.180000       -0.004360       -0.000304 
-13.160000       -0.006282       -0.000302 
-13.140000       -0.002702       -0.000299 
-13.120000       0.003100       -0.000296 
-13.100000       0.005792       -0.000293 
-13.080000       0.002888       -0.000291 
-13.060000       -0.002951       -0.000290 
-13.040000       -0.006356       -0.000288 
-13.020000       -0.004182       -0.000285 
-13.000000       0.001586       -0.000282 
-12.980000       0.005650       -0.000280 
-12.960000       0.004266       -0.000278 
-12.940000       -0.001306       -0.000276 
-12.920000       -0.005945       -0.000274 
-12.900000       -0.005376       -0.000272 
-12.880000       -0.000106       -0.000270 
-12.860000       0.005029       -0.000267 
-12.840000       0.005302       -0.000265 
-12.820000       0.000450       -0.000263 
-12.800000       -0.005072       -0.000262 
-12.780000       -0.006181       -0.000260 
-12.760000       -0.001840       -0.000257 
-12.740000       0.003971       -0.000255 
-12.720000       0.005908       -0.000252 
-12.700000       0.002178       -0.000251 
-12.680000       -0.003799       -0.000249 
-12.660000       -0.006525       -0.000248 
-12.640000       -0.003478       -0.000245 
-12.620000       0.002554       -0.000243 
-12.600000       0.006029       -0.000241 
-12.580000       0.003740       -0.000239 
-12.560000       -0.002219       -0.000238 
-12.540000       -0.006371       -0.000236 
-12.520000       -0.004886       -0.000234 
-12.500000       0.000887       -0.000232 
-12.480000       0.005647       -0.000229 
-12.460000       0.005010       -0.000228 
-12.440000       -0.000452       -0.000226 
-12.420000       -0.005723       -0.000225 
-12.400000       -0.005947       -0.000223 
-12.380000       -0.000901       -0.000221 
-12.360000       0.004786       -0.000219 
-12.340000       0.005882       -0.000217 
-12.320000       0.001364       -0.000216 
-12.300000       -0.004621       -0.000215 
-12.280000       -0.006567       -0.000213 
-12.260000       -0.002667       -0.000211 
-12.240000       0.003507       -0.000209 
-12.220000       0.006278       -0.000207 
-12.200000       0.003086       -0.000205 
-12.180000       -0.003147       -0.000204 
-12.160000       -0.006689       -0.000203 
-12.140000       -0.004269       -0.000201 
-12.120000       0.001904       -0.000199 
-12.100000       0.006160       -0.000197 
-12.080000       0.004575       -0.000196 
-12.060000       -0.001408       -0.000195 
-12.040000       -0.006292       -0.000194 
-12.020000       -0.005575       -0.000192 
-12.000000       0.000102       -0.000190 
-11.980000       0.005528       -0.000188 
-11.960000       0.005708       -0.000186 
-11.940000       0.000460       -0.000185 
-11.920000       -0.005399       -0.000184 
-11.900000       -0.006473       -0.000183 
-11.880000       -0.001758       -0.000181 
-11.860000       0.004424       -0.000179 
-11.840000       0.006387       -0.000177 
-11.820000       0.002311       -0.000176 
-11.800000       -0.004069       -0.000176 
-11.780000       -0.006884       -0.000174 
-11.760000       -0.003528       -0.000173 
-11.740000       0.002928       -0.000171 
-11.720000       0.006552       -0.000169 
-11.700000       0.003997       -0.000168 
-11.680000       -0.002401       -0.000167 
-11.660000       -0.006763       -0.000166 
-11.640000       -0.005064       -0.000165 
-11.620000       0.001154       -0.000163 
-11.600000       0.006179       -0.000161 
-11.580000       0.005382       -0.000160 
-11.560000       -0.000522       -0.000159 
-11.540000       -0.006110       -0.000158 
-11.520000       -0.006235       -0.000157 
-11.500000       -0.000763       -0.000155 
-11.480000       0.005288       -0.000153 
-11.460000       0.006347       -0.000152 
-11.440000       0.001424       -0.000151 
-11.420000       -0.004966       -0.000151 
-11.400000       -0.006942       -0.000150 
-11.380000       -0.002669       -0.000148 
-11.360000       0.003941       -0.000146 
-11.340000       0.006809       -0.000145 
-11.320000       0.003282       -0.000144 
-11.300000       -0.003412       -0.000143 
-11.280000       -0.007118       -0.000143 
-11.260000       -0.004412       -0.000141 
-11.240000       0.002237       -0.000139 
-11.220000       0.006720       -0.000138 
-11.200000       0.004902       -0.000137 
-11.180000       -0.001563       -0.000136 
-11.160000       -0.006736       -0.000136 
-11.140000       -0.005847       -0.000135 
-11.120000       0.000306       -0.000133 
-11.100000       0.006077       -0.000131 
-11.080000       0.006149       -0.000130 
-11.060000       0.000438       -0.000130 
-11.040000       -0.005815       -0.000129 
-11.020000       -0.006853       -0.000128 
-11.000000       -0.001700       -0.000127 
-10.980000       0.004920       -0.000125 
-10.960000       0.006917       -0.000124 
-10.940000       0.002435       -0.000123 
-10.920000       -0.004418       -0.000123 
-10.900000       -0.007340       -0.000122 
-10.880000       -0.003623       -0.000121 
-10.860000       0.003333       -0.000119 
-10.840000       0.007134       -0.000118 
-10.820000       0.004269       -0.000117 
-10.800000       -0.002646       -0.000117 
-10.780000       -0.007256       -0.000116 
-10.760000       -0.005306       -0.000115 
-10.740000       0.001433       -0.000114 
-10.720000       0.006771       -0.000112 
-10.700000       0.005788       -0.000111 
-10.680000       -0.000632       -0.000111 
-10.660000       -0.006596       -0.000111 
-10.640000       -0.006607       -0.000110 
-10.620000       -0.000633       -0.000108 
-10.600000       0.005846       -0.000107 
-10.580000       0.006866       -0.000106 
-10.560000       0.001467       -0.000105 
-10.540000       -0.005400       -0.000105 
-10.520000       -0.007415       -0.000105 
-10.500000       -0.002703       -0.000103 
-10.480000       0.004421       -0.000102 
-10.460000       0.007405       -0.000100 
-10.440000       0.003486       -0.000100 
-10.420000       -0.003751       -0.000100 
-10.400000       -0.007652       -0.000100 
-10.380000       -0.004610       -0.000098 
-10.360000       0.002599       -0.000097 
-10.340000       0.007352       -0.000095 
-10.320000       0.005262       -0.000095 
-10.300000       -0.001771       -0.000095 
-10.280000       -0.007286       -0.000095 
-10.260000       -0.006197       -0.000094 
-10.240000       0.000519       -0.000092 
-10.220000       0.006697       -0.000091 
-10.200000       0.006646       -0.000090 
-10.180000       0.000389       -0.000090 
-10.160000       -0.006333       -0.000090 
-10.140000       -0.007329       -0.000089 
-10.120000       -0.001659       -0.000088 
-10.100000       0.005480       -0.000086 
-10.080000       0.007519       -0.000085 
-10.060000       0.002560       -0.000085 
-10.040000       -0.004855       -0.000085 
-10.020000       -0.007904       -0.000085 
-10.000000       -0.003761       -0.000084 
-9.980000       0.003786       -0.000082 
-9.960000       0.007799       -0.000081 
-9.940000       0.004568       -0.000081 
-9.920000       -0.002958       -0.000081 
-9.900000       -0.007863       -0.000081 
-9.880000       -0.005617       -0.000080 
-9.860000       0.001740       -0.000078 
-9.840000       0.007451       -0.000077 
-9.820000       0.006250       -0.000076 
-9.800000       -0.000785       -0.000076 
-9.780000       -0.007195       -0.000076 
-9.760000       -0.007072       -0.000076 
-9.740000       -0.000503       -0.000075 
-9.720000       0.006487       -0.000073 
-9.700000       0.007461       -0.000072 
-9.680000       0.001498       -0.000072 
-9.660000       -0.005936       -0.000072 
-9.640000       -0.007998       -0.000072 
-9.620000       -0.002765       -0.000071 
-9.600000       0.004971       -0.000069 
-9.580000       0.008095       -0.000068 
-9.560000       0.003710       -0.000068 
-9.540000       -0.004174       -0.000068 
-9.520000       -0.008308       -0.000068 
-9.500000       -0.004867       -0.000067 
-9.480000       0.003010       -0.000066 
-9.460000       0.008086       -0.000065 
-9.440000       0.005672       -0.000064 
-9.420000       -0.002037       -0.000065 
-9.400000       -0.007961       -0.000065 
-9.380000       -0.006634       -0.000064 
-9.360000       0.000752       -0.000063 
-9.340000       0.007419       -0.000061 
-9.320000       0.007221       -0.000061 
-9.300000       0.000313       -0.000061 
-9.280000       -0.006969       -0.000061 
-9.260000       -0.007916       -0.000061 
-9.240000       -0.001629       -0.000059 
-9.220000       0.006131       -0.000058 
-9.200000       0.008222       -0.000057 
-9.180000       0.002692       -0.000057 
-9.160000       -0.005394       -0.000058 
-9.140000       -0.008598       -0.000057 
-9.120000       -0.003945       -0.000056 
-9.100000       0.004311       -0.000055 
-9.080000       0.008580       -0.000054 
-9.060000       0.004912       -0.000054 
-9.040000       -0.003348       -0.000054 
-9.020000       -0.008609       -0.000054 
-9.000000       -0.006009       -0.000053 
-8.980000       0.002090       -0.000052 
-8.960000       0.008251       -0.000051 
-8.940000       0.006789       -0.000050 
-8.920000       -0.000982       -0.000051 
-8.900000       -0.007929       -0.000051 
-8.880000       -0.007647       -0.000050 
-8.860000       -0.000362       -0.000049 
-8.840000       0.007243       -0.000048 
-8.820000       0.008164       -0.000047 
-8.800000       0.001522       -0.000047 
-8.780000       -0.006596       -0.000047 
-8.760000       -0.008715       -0.000047 
-8.740000       -0.002856       -0.000046 
-8.720000       0.005619       -0.000045 
-8.700000       0.008914       -0.000044 
-8.680000       0.003968       -0.000044 
-8.660000       -0.004697       -0.000044 
-8.640000       -0.009114       -0.000044 
-8.620000       -0.005192       -0.000043 
-8.600000       0.003493       -0.000042 
-8.580000       0.008960       -0.000041 
-8.560000       0.006157       -0.000040 
-8.540000       -0.002370       -0.000041 
-8.520000       -0.008790       -0.000041 
-8.500000       -0.007177       -0.000040 
-8.480000       0.001022       -0.000039 
-8.460000       0.008281       -0.000038 
-8.440000       0.007908       -0.000037 
-8.420000       0.000210       -0.000037 
-8.400000       -0.007751       -0.000038 
-8.380000       -0.008641       -0.000037 
-8.360000       -0.001605       -0.000036 
-8.340000       0.006911       -0.000035 
-8.320000       0.009066       -0.000034 
-8.300000       0.002844       -0.000034 
-8.280000       -0.006060       -0.000034 
-8.260000       -0.009452       -0.000034 
-8.240000       -0.004180       -0.000033 
-8.220000       0.004940       -0.000032 
-8.200000       0.009522       -0.000031 
-8.180000       0.005322       -0.000030 
-8.160000       -0.003832       -0.000031 
-8.140000       -0.009526       -0.000031 
-8.120000       -0.006496       -0.000030 
-8.100000       0.002509       -0.000029 
-8.080000       0.009219       -0.000027 
-8.060000       0.007440       -0.000027 
-8.040000       -0.001231       -0.000027 
-8.020000       -0.008835       -0.000027 
-8.000000       -0.008358       -0.000027 
-7.980000       -0.000199       -0.000025 
-7.960000       0.008160       -0.000024 
-7.940000       0.009018       -0.000023 
-7.920000       0.001546       -0.000023 
-7.900000       -0.007410       -0.000024 
-7.880000       -0.009602       -0.000023 
-7.860000       -0.002975       -0.000022 
-7.840000       0.006408       -0.000020 
-7.820000       0.009912       -0.000019 
-7.800000       0.004280       -0.000019 
-7.780000       -0.005345       -0.000020 
-7.760000       -0.010109       -0.000020 
-7.740000       -0.005597       -0.000019 
-7.720000       0.004081       -0.000017 
-7.700000       0.010031       -0.000016 
-7.680000       0.006751       -0.000015 
-7.660000       -0.002784       -0.000015 
-7.640000       -0.009816       -0.000016 
-7.620000       -0.007850       -0.000015 
-7.600000       0.001350       -0.000013 
-7.580000       0.009341       -0.000011 
-7.560000       0.008752       -0.000011 
-7.540000       0.000081       -0.000011 
-7.520000       -0.008720       -0.000011 
-7.500000       -0.009539       -0.000011 
-7.480000       -0.001577       -0.000009 
-7.460000       0.007873       -0.000007 
-7.440000       0.010109       -0.000006 
-7.420000       0.003031       -0.000006 
-7.400000       -0.006884       -0.000006 
-7.380000       -0.010512       -0.000006 
-7.360000       -0.004473       -0.000004 
-7.340000       0.005719       -0.000002 
-7.320000       0.010691       -0.000001 
-7.300000       0.005832       -0.000001 
-7.280000       -0.004431       -0.000001 
-7.260000       -0.010666       -0.000001 
-7.240000       -0.007101       0.000001 
-7.220000       0.003031       0.000003 
-7.200000       0.010427       0.000004 
-7.180000       0.008254       0.000005 
-7.160000       -0.001537       0.000005 
-7.140000       -0.009960       0.000005 
-7.120000       -0.009242       0.000006 
-7.100000       0.000008       0.000008 
-7.080000       0.009311       0.000010 
-7.060000       0.010090       0.000012 
-7.040000       0.001581       0.000012 
-7.020000       -0.008423       0.000012 
-7.000000       -0.010706       0.000013 
-6.980000       -0.003118       0.000015 
-6.960000       0.007403       0.000017 
-6.940000       0.011173       0.000019 
-6.920000       0.004679       0.000019 
-6.900000       -0.006149       0.000019 
-6.880000       -0.011351       0.000020 
-6.860000       -0.006098       0.000022 
-6.840000       0.004830       0.000024 
-6.820000       0.011390       0.000027 
-6.800000       0.007509       0.000028 
-6.780000       -0.003294       0.000028 
-6.760000       -0.011097       0.000028 
-6.740000       -0.008686       0.000030 
-6.720000       0.001777       0.000033 
-6.700000       0.010694       0.000035 
-6.680000       0.009835       0.000037 
-6.660000       -0.000066       0.000037 
-6.640000       -0.009931       0.000038 
-6.620000       -0.010661       0.000040 
-6.600000       -0.001526       0.000042 
-6.580000       0.009110       0.000045 
-6.560000       0.011451       0.000047 
-6.540000       0.003289       0.000048 
-6.520000       -0.007912       0.000049 
-6.500000       -0.011839       0.000050 
-6.480000       -0.004824       0.000053 
-6.460000       0.006733       0.000056 
-6.440000       0.012203       0.000059 
-6.420000       0.006506       0.000061 
-6.400000       -0.005171       0.000062 
-6.380000       -0.012095       0.000063 
-6.360000       -0.007848       0.000066 
-6.340000       0.003725       0.000069 
-6.320000       0.011999       0.000072 
-6.300000       0.009324       0.000075 
-6.280000       -0.001899       0.000076 
-6.260000       -0.011372       0.000077 
-6.240000       -0.010344       0.000080 
-6.220000       0.000306       0.000084 
-6.200000       0.010820       0.000088 
-6.180000       0.011502       0.000090 
-6.160000       0.001661       0.000092 
-6.140000       -0.009690       0.000094 
-6.120000       -0.012090       0.000097 
-6.100000       -0.003263       0.000101 
-6.080000       0.008725       0.000105 
-6.060000       0.012840       0.000109 
-6.040000       0.005237       0.000111 
-6.020000       -0.007145       0.000113 
-6.000000       -0.012913       0.000116 
-5.980000       -0.006700       0.000120 
-5.960000       0.005847       0.000125 
-5.940000       0.013199       0.000129 
-5.920000       0.008543       0.000133 
-5.900000       -0.003904       0.000135 
-5.880000       -0.012708       0.000138 
-5.860000       -0.009720       0.000142 
-5.840000       0.002388       0.000148 
-5.820000       0.012513       0.000153 
-5.800000       0.011303       0.000157 
-5.780000       -0.000198       0.000161 
-5.760000       -0.011448       0.000164 
-5.740000       -0.012062       0.000168 
-5.720000       -0.001395       0.000174 
-5.700000       0.010795       0.000180 
-5.680000       0.013276       0.000186 
-5.660000       0.003696       0.000190 
-5.640000       -0.009187       0.000194 
-5.620000       -0.013506       0.000198 
-5.600000       -0.005209       0.000205 
-5.580000       0.008143       0.000212 
-5.560000       0.014272       0.000218 
-5.540000       0.007477       0.000223 
-5.520000       -0.006061       0.000228 
-5.500000       -0.013893       0.000233 
-5.480000       -0.008746       0.000240 
-5.460000       0.004732       0.000248 
-5.440000       0.014171       0.000255 
-5.420000       0.010837       0.000262 
-5.400000       -0.002281       0.000267 
-5.380000       -0.013144       0.000273 
-5.360000       -0.011705       0.000281 
-5.340000       0.000808       0.000289 
-5.320000       0.012936       0.000298 
-5.300000       0.013492       0.000306 
-5.280000       0.001883       0.000313 
-5.260000       -0.011263       0.000320 
-5.240000       -0.013818       0.000328 
-5.220000       -0.003335       0.000338 
-5.200000       0.010619       0.000348 
-5.180000       0.015200       0.000357 
-5.160000       0.006117       0.000366 
-5.140000       -0.008345       0.000374 
-5.120000       -0.014872       0.000383 
-5.100000       -0.007367       0.000393 
-5.080000       0.007360       0.000405 
-5.060000       0.015784       0.000416 
-5.040000       0.010089       0.000427 
-5.020000       -0.004571       0.000436 
-5.000000       -0.014725       0.000446 
-4.980000       -0.010955       0.000458 
-4.960000       0.003383       0.000471 
-4.940000       0.015148       0.000484 
-4.920000       0.013472       0.000496 
-4.900000       -0.000198       0.000508 
-4.880000       -0.013327       0.000519 
-4.860000       -0.013781       0.000532 
-4.840000       -0.001022       0.000547 
-4.820000       0.013291       0.000562 
-4.800000       0.015972       0.000577 
-4.780000       0.004460       0.000590 
-4.760000       -0.010720       0.000604 
-4.740000       -0.015573       0.000618 
-4.720000       -0.005515       0.000635 
-4.700000       0.010307       0.000652 
-4.680000       0.017350       0.000670 
-4.660000       0.009050       0.000686 
-4.640000       -0.007045       0.000701 
-4.620000       -0.016126       0.000718 
-4.600000       -0.009730       0.000736 
-4.580000       0.006387       0.000756 
-4.560000       0.017446       0.000776 
-4.540000       0.013208       0.000795 
-4.520000       -0.002531       0.000814 
-4.500000       -0.015320       0.000833 
-4.480000       -0.013305       0.000853 
-4.460000       0.001806       0.000876 
-4.440000       0.016195       0.000899 
-4.420000       0.016586       0.000922 
-4.400000       0.002513       0.000943 
-4.380000       -0.013138       0.000965 
-4.360000       -0.015905       0.000989 
-4.340000       -0.003092       0.001014 
-4.320000       0.013633       0.001041 
-4.300000       0.018883       0.001067 
-4.280000       0.007724       0.001093 
-4.260000       -0.009665       0.001118 
-4.240000       -0.017256       0.001144 
-4.220000       -0.007920       0.001173 
-4.200000       0.009907       0.001204 
-4.180000       0.019865       0.001235 
-4.160000       0.012706       0.001264 
-4.140000       -0.005092       0.001294 
-4.120000       -0.017163       0.001324 
-4.100000       -0.012269       0.001357 
-4.080000       0.005263       0.001392 
-4.060000       0.019392       0.001427 
-4.040000       0.017061       0.001462 
-4.020000       0.000293       0.001496 
-4.000000       -0.015530       0.001531 
-3.980000       -0.015745       0.001568 
-3.960000       0.000038       0.001608 
-3.940000       0.017433       0.001649 
-3.920000       0.020418       0.001689 
-3.900000       0.006126       0.001729 
-3.880000       -0.012378       0.001768 
-3.860000       -0.017997       0.001811 
-3.840000       -0.005367       0.001856 
-3.820000       0.014073       0.001903 
-3.800000       0.022469       0.001950 
-3.780000       0.011987       0.001996 
-3.760000       -0.007841       0.002042 
-3.740000       -0.018745       0.002090 
-3.720000       -0.010505       0.002141 
-3.700000       0.009515       0.002194 
-3.680000       0.022986       0.002249 
-3.660000       0.017433       0.002302 
-3.640000       -0.002170       0.002355 
-3.620000       -0.017804       0.002410 
-3.600000       -0.014921       0.002468 
-3.580000       0.004073       0.002529 
-3.560000       0.021854       0.002591 
-3.540000       0.022025       0.002653 
-3.520000       0.004286       0.002715 
-3.500000       -0.015108       0.002778 
-3.480000       -0.018184       0.002843 
-3.460000       -0.001848       0.002912 
-3.440000       0.019082       0.002984 
-3.420000       0.025369       0.003056 
-3.400000       0.011093       0.003127 
-3.380000       -0.010719       0.003198 
-3.360000       -0.019917       0.003273 
-3.340000       -0.007774       0.003351 
-3.320000       0.014808       0.003433 
-3.300000       0.027142       0.003515 
-3.280000       0.017770       0.003597 
-3.260000       -0.004827       0.003679 
-3.240000       -0.019833       0.003764 
-3.220000       -0.013191       0.003853 
-3.200000       0.009304       0.003946 
-3.180000       0.027126       0.004040 
-3.160000       0.023813       0.004134 
-3.140000       0.002249       0.004229 
-3.120000       -0.017758       0.004325 
-3.100000       -0.017586       0.004426 
-3.080000       0.002960       0.004531 
-3.060000       0.025230       0.004638 
-3.040000       0.028736       0.004746 
-3.020000       0.010085       0.004855 
-3.000000       -0.013655       0.004964 
-2.980000       -0.020477       0.005078 
-2.960000       -0.003734       0.005197 
-2.940000       0.021506       0.005319 
-2.920000       0.032108       0.005443 
-2.900000       0.018169       0.005566 
-2.880000       -0.007631       0.005691 
-2.860000       -0.021455       0.005820 
-2.840000       -0.010218       0.005954 
-2.820000       0.016156       0.006092 
-2.800000       0.033588       0.006233 
-2.780000       0.025939       0.006374 
-2.760000       0.000060       0.006516 
-2.740000       -0.020216       0.006661 
-2.720000       -0.015894       0.006812 
-2.700000       0.009526       0.006968 
-2.680000       0.032958       0.007128 
-2.660000       0.032814       0.007288 
-2.640000       0.009021       0.007450 
-2.620000       -0.016591       0.007613 
-2.600000       -0.020168       0.007783 
-2.580000       0.002100       0.007959 
-2.560000       0.030147       0.008139 
-2.540000       0.038241       0.008321 
-2.520000       0.018735       0.008503 
-2.500000       -0.010566       0.008688 
-2.480000       -0.022492       0.008878 
-2.460000       -0.005532       0.009075 
-2.440000       0.025248       0.009277 
-2.420000       0.041731       0.009482 
-2.400000       0.028590       0.009688 
-2.380000       -0.002298       0.009895 
-2.360000       -0.022402       0.010108 
-2.340000       -0.012701       0.010328 
-2.320000       0.018525       0.010554 
-2.300000       0.042902       0.010784 
-2.280000       0.037916       0.011015 
-2.260000       0.007888       0.011248 
-2.240000       -0.019559       0.011485 
-2.220000       -0.018699       0.011729 
-2.200000       0.010410       0.011981 
-2.180000       0.041512       0.012238 
-2.160000       0.046023       0.012496 
-2.140000       0.019503       0.012756 
-2.120000       -0.013780       0.013019 
-2.100000       -0.022820       0.013290 
-2.080000       0.001487       0.013568 
-2.060000       0.037483       0.013853 
-2.040000       0.052244       0.014140 
-2.020000       0.031913       0.014429 
-2.000000       -0.005062       0.014720 
-1.980000       -0.024412       0.015018 
-1.960000       -0.007533       0.015324 
-1.940000       0.030927       0.015637 
-1.920000       0.055982       0.015954 
-1.900000       0.044371       0.016273 
-1.880000       0.006400       0.016593 
-1.860000       -0.022916       0.016919 
-1.840000       -0.015846       0.017253 
-1.820000       0.022146       0.017595 
-1.800000       0.056750       0.017943 
-1.780000       0.056045       0.018292 
-1.760000       0.020213       0.018641 
-1.740000       -0.017908       0.018995 
-1.720000       -0.022593       0.019356 
-1.700000       0.011635       0.019727 
-1.680000       0.054204       0.020103 
-1.660000       0.066062       0.020482 
-1.640000       0.035783       0.020860 
-1.620000       -0.009139       0.021241 
-1.600000       -0.026906       0.021628 
-1.580000       0.000063       0.022024 
-1.560000       0.048172       0.022428 
-1.540000       0.073546       0.022833 
-1.520000       0.052338       0.023238 
-1.500000       0.003444       0.023643 
-1.480000       -0.027956       0.024053 
-1.460000       -0.011746       0.024471 
-1.440000       0.038670       0.024897 
-1.420000       0.077656       0.025325 
-1.400000       0.068942       0.025751 
-1.380000       0.019677       0.026176 
-1.360000       -0.024984       0.026602 
-1.340000       -0.022848       0.027036 
-1.320000       0.025906       0.027476 
-1.300000       0.077616       0.027920 
-1.280000       0.084521       0.028361 
-1.260000       0.039175       0.028797 
-1.240000       -0.017345       0.029232 
-1.220000       -0.032203       0.029670 
-1.200000       0.010270       0.030115 
-1.180000       0.072726       0.030563 
-1.160000       0.097884       0.031007 
-1.140000       0.061337       0.031443 
-1.120000       -0.004512       0.031873 
-1.100000       -0.038710       0.032302 
-1.080000       -0.007688       0.032736 
-1.060000       0.062357       0.033172 
-1.040000       0.107727       0.033602 
-1.020000       0.085361       0.034020 
-1.000000       0.013927       0.034427 
-0.980000       -0.041212       0.034828 
-0.960000       -0.027297       0.035229 
-0.940000       0.045903       0.035629 
-0.920000       0.112611       0.036022 
-0.900000       0.110271       0.036399 
-0.880000       0.038329       0.036758 
-0.860000       -0.038466       0.037103 
-0.840000       -0.047809       0.037441 
-0.820000       0.022663       0.037775 
-0.800000       0.110873       0.038098 
-0.780000       0.134946       0.038401 
-0.760000       0.069145       0.038676 
-0.740000       -0.029021       0.038928 
-0.720000       -0.068462       0.039164 
-0.700000       -0.008402       0.039389 
-0.680000       0.100395       0.039599 
-0.660000       0.158158       0.039783 
-0.640000       0.107249       0.039929 
-0.620000       -0.010880       0.040038 
-0.600000       -0.088545       0.040118 
-0.580000       -0.049219       0.040178 
-0.560000       0.078018       0.040217 
-0.540000       0.178604       0.040222 
-0.520000       0.154758       0.040177 
-0.500000       0.019396       0.040079 
-0.480000       -0.107475       0.039933 
-0.460000       -0.103979       0.039753 
-0.440000       0.037975       0.039543 
-0.420000       0.194940       0.039291 
-0.400000       0.217308       0.038977 
-0.380000       0.069403       0.038586 
-0.360000       -0.124869       0.038123 
-0.340000       -0.183327       0.037603 
-0.320000       -0.033249       0.037042 
-0.300000       0.205802       0.036432 
-0.280000       0.312178       0.035747 
-0.260000       0.161225       0.034959 
-0.240000       -0.140628       0.034056 
-0.220000       -0.322084       0.033061 
-0.200000       -0.180517       0.032007 
-0.180000       0.209808       0.030908 
-0.160000       0.512885       0.029739 
-0.140000       0.395103       0.028439 
-0.120000       -0.154988       0.026943 
-0.100000       -0.723992       0.025244 
-0.080000       -0.715705       0.023423 
-0.060000       0.205460       0.021659 
-0.040000       1.796395       0.020195 
-0.020000       3.306655       0.019274 
-0.000000       3.925765       0.019082 
0.020000       3.307038       0.019698 
0.040000       1.797213       0.021077 
0.060000       0.206800       0.023060 
0.080000       -0.713746       0.025420 
0.100000       -0.721328       0.027921 
0.120000       -0.151550       0.030382 
0.140000       0.399371       0.032710 
0.160000       0.518038       0.034905 
0.180000       0.215903       0.037022 
0.200000       -0.173423       0.039117 
0.220000       -0.313938       0.041216 
0.240000       -0.131385       0.043301 
0.260000       0.171602       0.045336 
0.280000       0.323721       0.047296 
0.300000       0.218544       0.049185 
0.320000       -0.019274       0.051028 
0.340000       -0.168088       0.052849 
0.360000       -0.108341       0.054653 
0.380000       0.087241       0.056424 
0.400000       0.236470       0.058142 
0.420000       0.215443       0.059801 
0.440000       0.059835       0.061411 
0.460000       -0.080749       0.062989 
0.480000       -0.082862       0.064548 
0.500000       0.045399       0.066081 
0.520000       0.182154       0.067575 
0.540000       0.207395       0.069018 
0.560000       0.108209       0.070414 
0.580000       -0.017627       0.071776 
0.600000       -0.055550       0.073116 
0.620000       0.023516       0.074434 
0.640000       0.143041       0.075721 
0.660000       0.195338       0.076966 
0.680000       0.138958       0.078167 
0.700000       0.031538       0.079334 
0.720000       -0.027151       0.080478 
0.740000       0.013652       0.081601 
0.760000       0.113168       0.082700 
0.780000       0.180307       0.083763 
0.800000       0.157560       0.084789 
0.820000       0.070663       0.085780 
0.840000       0.001494       0.086747 
0.860000       0.012125       0.087695 
0.880000       0.090194       0.088622 
0.900000       0.163392       0.089521 
0.920000       0.166972       0.090386 
0.940000       0.101489       0.091219 
0.960000       0.029498       0.092027 
0.980000       0.016776       0.092817 
1.000000       0.073090       0.093590 
1.020000       0.145680       0.094340 
1.040000       0.169183       0.095060 
1.060000       0.124933       0.095750 
1.080000       0.055989       0.096416 
1.100000       0.026051       0.097065 
1.120000       0.061313       0.097698 
1.140000       0.128206       0.098312 
1.160000       0.165778       0.098902 
1.180000       0.141625       0.099464 
1.200000       0.080155       0.100003 
1.220000       0.038649       0.100524 
1.240000       0.054455       0.101032 
1.260000       0.111903       0.101525 
1.280000       0.158156       0.101997 
1.300000       0.152138       0.102444 
1.320000       0.101296       0.102869 
1.340000       0.053392       0.103277 
1.360000       0.052085       0.103673 
1.380000       0.097557       0.104056 
1.400000       0.147612       0.104422 
1.420000       0.157096       0.104766 
1.440000       0.118861       0.105090 
1.460000       0.069178       0.105397 
1.480000       0.053683       0.105692 
1.500000       0.085778       0.105977 
1.520000       0.135348       0.106248 
1.540000       0.157213       0.106501 
1.560000       0.132477       0.106735 
1.580000       0.084989       0.106953 
1.600000       0.058623       0.107159 
1.620000       0.076976       0.107356 
1.640000       0.122465       0.107542 
1.660000       0.153293       0.107714 
1.680000       0.141966       0.107868 
1.700000       0.099912       0.108006 
1.720000       0.066183       0.108133 
1.740000       0.071349       0.108253 
1.760000       0.109935       0.108363 
1.780000       0.146215       0.108462 
1.800000       0.147351       0.108546 
1.820000       0.113163       0.108614 
1.840000       0.075572       0.108672 
1.860000       0.068887       0.108723 
1.880000       0.098573       0.108766 
1.900000       0.136898       0.108800 
1.920000       0.148848       0.108822 
1.940000       0.124117       0.108829 
1.960000       0.085968       0.108826 
1.980000       0.069385       0.108816 
2.000000       0.089018       0.108800 
2.020000       0.126262       0.108777 
2.040000       0.146846       0.108744 
2.060000       0.132327       0.108698 
2.080000       0.096559       0.108642 
2.100000       0.072467       0.108578 
2.120000       0.081711       0.108511 
2.140000       0.115184       0.108438 
2.160000       0.141882       0.108356 
2.180000       0.137536       0.108264 
2.200000       0.106589       0.108161 
2.220000       0.077623       0.108052 
2.240000       0.076894       0.107939 
2.260000       0.104462       0.107821 
2.280000       0.134599       0.107698 
2.300000       0.139682       0.107565 
2.320000       0.115392       0.107422 
2.340000       0.084243       0.107273 
2.360000       0.074610       0.107121 
2.380000       0.094772       0.106965 
2.400000       0.125707       0.106805 
2.420000       0.138885       0.106637 
2.440000       0.122429       0.106460 
2.460000       0.091669       0.106277 
2.480000       0.074719       0.106090 
2.500000       0.086647       0.105901 
2.520000       0.115940       0.105709 
2.540000       0.135430       0.105511 
2.560000       0.127312       0.105305 
2.580000       0.099232       0.105092 
2.600000       0.076924       0.104876 
2.620000       0.080454       0.104659 
2.640000       0.106010       0.104439 
2.660000       0.129740       0.104215 
2.680000       0.129813       0.103984 
2.700000       0.106304       0.103748 
2.720000       0.080800       0.103507 
2.740000       0.076387       0.103265 
2.760000       0.096565       0.103021 
2.780000       0.122340       0.102775 
2.800000       0.129878       0.102524 
2.820000       0.112329       0.102266 
2.840000       0.085833       0.102005 
2.860000       0.074467       0.101742 
2.880000       0.088157       0.101479 
2.900000       0.113817       0.101214 
2.920000       0.127609       0.100945 
2.940000       0.116857       0.100671 
2.960000       0.091460       0.100392 
2.980000       0.074556       0.100112 
3.000000       0.081212       0.099832 
3.020000       0.104782       0.099551 
3.040000       0.123257       0.099268 
3.060000       0.119571       0.098979 
3.080000       0.097116       0.098687 
3.100000       0.076380       0.098393 
3.120000       0.076015       0.098099 
3.140000       0.095826       0.097805 
3.160000       0.117188       0.097509 
3.180000       0.120295       0.097210 
3.200000       0.102264       0.096907 
3.220000       0.079556       0.096601 
3.240000       0.072698       0.096296 
3.260000       0.087484       0.095991 
3.280000       0.109858       0.095686 
3.300000       0.119003       0.095377 
3.320000       0.106439       0.095065 
3.340000       0.083625       0.094751 
3.360000       0.071246       0.094437 
3.380000       0.080206       0.094123 
3.400000       0.101777       0.093810 
3.420000       0.115807       0.093495 
3.440000       0.109273       0.093176 
3.460000       0.088094       0.092855 
3.480000       0.071506       0.092534 
3.500000       0.074328       0.092214 
3.520000       0.093465       0.091894 
3.540000       0.110945       0.091574 
3.560000       0.110513       0.091251 
3.580000       0.092468       0.090925 
3.600000       0.073209       0.090599 
3.620000       0.070059       0.090273 
3.640000       0.085424       0.089949 
3.660000       0.104755       0.089625 
3.680000       0.110035       0.089299 
3.700000       0.096290       0.088970 
3.720000       0.075994       0.088640 
3.740000       0.067477       0.088311 
3.760000       0.078101       0.087984 
3.780000       0.097649       0.087657 
3.800000       0.107848       0.087329 
3.820000       0.099168       0.086999 
3.840000       0.079444       0.086667 
3.860000       0.066527       0.086336 
3.880000       0.071860       0.086006 
3.900000       0.090075       0.085678 
3.920000       0.104078       0.085349 
3.940000       0.100802       0.085019 
3.960000       0.083115       0.084686 
3.980000       0.067040       0.084354 
4.000000       0.066963       0.084024 
4.020000       0.082492       0.083695 
4.040000       0.098964       0.083366 
4.060000       0.101000       0.083036 
4.080000       0.086575       0.082704 
4.100000       0.068746       0.082372 
4.120000       0.063555       0.082041 
4.140000       0.075327       0.081713 
4.160000       0.092826       0.081385 
4.180000       0.099685       0.081056 
4.200000       0.089428       0.080726 
4.220000       0.071301       0.080395 
4.240000       0.061664       0.080065 
4.260000       0.068955       0.079737 
4.280000       0.086043       0.079411 
4.300000       0.096899       0.079084 
4.320000       0.091348       0.078756 
4.340000       0.074320       0.078427 
4.360000       0.061205       0.078099 
4.380000       0.063670       0.077773 
4.400000       0.079019       0.077448 
4.420000       0.092789       0.077124 
4.440000       0.092094       0.076799 
4.460000       0.077402       0.076473 
4.480000       0.061988       0.076147 
4.500000       0.059670       0.075823 
4.520000       0.072156       0.075501 
4.540000       0.087592       0.075180 
4.560000       0.091527       0.074858 
4.580000       0.080165       0.074535 
4.600000       0.063745       0.074212 
4.620000       0.057047       0.073891 
4.640000       0.065826       0.073572 
4.660000       0.081618       0.073254 
4.680000       0.089616       0.072936 
4.700000       0.082271       0.072617 
4.720000       0.066147       0.072297 
4.740000       0.055788       0.071979 
4.760000       0.060339       0.071663 
4.780000       0.075219       0.071349 
4.800000       0.086429       0.071035 
4.820000       0.083448       0.070720 
4.840000       0.068835       0.070405 
4.860000       0.055777       0.070090 
4.880000       0.055931       0.069778 
4.900000       0.068762       0.069467 
4.920000       0.082133       0.069158 
4.940000       0.083511       0.068847 
4.960000       0.071447       0.068536 
4.980000       0.056813       0.068226 
5.000000       0.052746       0.067917 
5.020000       0.062604       0.067611 
5.040000       0.076968       0.067306 
5.060000       0.082367       0.067000 
5.080000       0.073648       0.066694 
5.100000       0.058627       0.066388 
5.120000       0.050829       0.066084 
5.140000       0.057062       0.065781 
5.160000       0.071231       0.065481 
5.180000       0.080022       0.065180 
5.200000       0.075149       0.064879 
5.220000       0.060904       0.064578 
5.240000       0.050131       0.064278 
5.260000       0.052396       0.063980 
5.280000       0.065253       0.063684 
5.300000       0.076574       0.063388 
5.320000       0.075729       0.063092 
5.340000       0.063313       0.062796 
5.360000       0.050515       0.062501 
5.380000       0.048789       0.062207 
5.400000       0.059367       0.061916 
5.420000       0.072201       0.061625 
5.440000       0.075250       0.061335 
5.460000       0.065528       0.061044 
5.480000       0.051767       0.060753 
5.500000       0.046338       0.060465 
5.520000       0.053889       0.060178 
5.540000       0.067146       0.059893 
5.560000       0.073662       0.059608 
5.580000       0.067253       0.059322 
5.600000       0.053623       0.059037 
5.620000       0.045049       0.058753 
5.640000       0.049090       0.058471 
5.660000       0.061697       0.058191 
5.680000       0.071002       0.057912 
5.700000       0.068246       0.057632 
5.720000       0.055782       0.057352 
5.740000       0.044842       0.057073 
5.760000       0.045183       0.056796 
5.780000       0.056162       0.056521 
5.800000       0.067392       0.056247 
5.820000       0.068331       0.055972 
5.840000       0.057938       0.055698 
5.860000       0.045561       0.055424 
5.880000       0.042305       0.055152 
5.900000       0.050843       0.054882 
5.920000       0.063023       0.054613 
5.940000       0.067414       0.054345 
5.960000       0.059797       0.054076 
5.980000       0.046987       0.053807 
6.000000       0.040511       0.053540 
6.020000       0.046018       0.053275 
6.040000       0.058138       0.053012 
6.060000       0.065480       0.052749 
6.080000       0.061105       0.052486 
6.100000       0.048859       0.052223 
6.120000       0.039774       0.051961 
6.140000       0.041917       0.051701 
6.160000       0.053012       0.051443 
6.180000       0.062597       0.051186 
6.200000       0.061661       0.050928 
6.220000       0.050893       0.050671 
6.240000       0.039990       0.050414 
6.260000       0.038710       0.050159 
6.280000       0.047932       0.049907 
6.300000       0.058905       0.049655 
6.320000       0.061329       0.049403 
6.340000       0.052807       0.049151 
6.360000       0.040986       0.048900 
6.380000       0.036493       0.048650 
6.400000       0.043171       0.048403 
6.420000       0.054602       0.048157 
6.440000       0.060054       0.047911 
6.460000       0.054340       0.047664 
6.480000       0.042541       0.047419 
6.500000       0.035285       0.047174 
6.520000       0.038970       0.046931 
6.540000       0.049931       0.046691 
6.560000       0.057854       0.046450 
6.580000       0.055274       0.046210 
6.600000       0.044400       0.045969 
6.620000       0.035030       0.045730 
6.640000       0.035524       0.045493 
6.660000       0.045154       0.045257 
6.680000       0.054820       0.045022 
6.700000       0.055447       0.044788 
6.720000       0.046297       0.044553 
6.740000       0.035602       0.044319 
6.760000       0.032961       0.044086 
6.780000       0.040534       0.043856 
6.800000       0.051108       0.043627 
6.820000       0.054761       0.043398 
6.840000       0.047974       0.043169 
6.860000       0.036820       0.042940 
6.880000       0.031341       0.042712 
6.900000       0.036319       0.042487 
6.920000       0.046923       0.042263 
6.940000       0.053194       0.042040 
6.960000       0.049201       0.041816 
6.980000       0.038460       0.041593 
7.000000       0.030652       0.041371 
7.020000       0.032715       0.041150 
7.040000       0.042501       0.040932 
7.060000       0.050792       0.040714 
7.080000       0.049796       0.040496 
7.100000       0.040277       0.040278 
7.120000       0.030812       0.040061 
7.140000       0.029880       0.039846 
7.160000       0.038090       0.039632 
7.180000       0.047668       0.039420 
7.200000       0.049630       0.039207 
7.220000       0.042023       0.038995 
7.240000       0.031681       0.038783 
7.260000       0.027907       0.038573 
7.280000       0.033934       0.038364 
7.300000       0.043990       0.038157 
7.320000       0.048642       0.037950 
7.340000       0.043464       0.037743 
7.360000       0.033067       0.037536 
7.380000       0.026824       0.037331 
7.400000       0.030249       0.037127 
7.420000       0.039963       0.036925 
7.440000       0.046839       0.036724 
7.460000       0.044402       0.036522 
7.480000       0.034752       0.036321 
7.500000       0.026591       0.036120 
7.520000       0.027212       0.035922 
7.540000       0.035817       0.035724 
7.560000       0.044291       0.035528 
7.580000       0.044685       0.035332 
7.600000       0.036499       0.035136 
7.620000       0.027105       0.034940 
7.640000       0.024946       0.034746 
7.660000       0.031786       0.034554 
7.680000       0.041129       0.034363 
7.700000       0.044219       0.034173 
7.720000       0.038079       0.033982 
7.740000       0.028212       0.033791 
7.760000       0.023512       0.033602 
7.780000       0.028090       0.033415 
7.800000       0.037527       0.033228 
7.820000       0.042974       0.033043 
7.840000       0.039285       0.032857 
7.860000       0.029718       0.032672 
7.880000       0.022908       0.032487 
7.900000       0.024918       0.032305 
7.920000       0.033692       0.032123 
7.940000       0.040984       0.031943 
7.960000       0.039946       0.031762 
7.980000       0.031408       0.031582 
8.000000       0.023071       0.031402 
8.020000       0.022417       0.031224 
8.040000       0.029844       0.031048 
8.060000       0.038339       0.030872 
8.080000       0.039943       0.030697 
8.100000       0.033058       0.030521 
8.120000       0.023880       0.030347 
8.140000       0.020678       0.030173 
8.160000       0.026200       0.030001 
8.180000       0.035183       0.029831 
8.200000       0.039212       0.029660 
8.220000       0.034460       0.029490 
8.240000       0.025172       0.029320 
8.260000       0.019732       0.029151 
8.280000       0.022958       0.028983 
8.300000       0.031695       0.028817 
8.320000       0.037751       0.028652 
8.340000       0.035431       0.028486 
8.360000       0.026752       0.028321 
8.380000       0.019552       0.028156 
8.400000       0.020280       0.027993 
8.420000       0.028079       0.027832 
8.440000       0.035616       0.027671 
8.460000       0.035829       0.027511 
8.480000       0.028411       0.027350 
8.500000       0.020053       0.027190 
8.520000       0.018282       0.027031 
8.540000       0.024545       0.026874 
8.560000       0.032916       0.026718 
8.580000       0.035563       0.026563 
8.600000       0.029941       0.026407 
8.620000       0.021102       0.026251 
8.640000       0.017027       0.026097 
8.660000       0.021291       0.025944 
8.680000       0.029804       0.025793 
8.700000       0.034599       0.025641 
8.720000       0.031154       0.025490 
8.740000       0.022528       0.025339 
8.760000       0.016521       0.025189 
8.780000       0.018492       0.025040 
8.800000       0.026463       0.024893 
8.820000       0.032958       0.024747 
8.840000       0.031891       0.024600 
8.860000       0.024140       0.024453 
8.880000       0.016711       0.024308 
8.900000       0.016285       0.024163 
8.920000       0.023088       0.024020 
8.940000       0.030717       0.023878 
8.960000       0.032038       0.023736 
8.980000       0.025736       0.023594 
9.000000       0.017496       0.023452 
9.020000       0.014757       0.023312 
9.040000       0.019878       0.023173 
9.060000       0.028000       0.023035 
9.080000       0.031531       0.022897 
9.100000       0.027125       0.022759 
9.120000       0.018732       0.022622 
9.140000       0.013944       0.022485 
9.160000       0.017014       0.022350 
9.180000       0.024966       0.022217 
9.200000       0.030362       0.022083 
9.220000       0.028139       0.021950 
9.240000       0.020247       0.021817 
9.260000       0.013828       0.021684 
9.280000       0.014645       0.021553 
9.300000       0.021797       0.021423 
9.320000       0.028576       0.021294 
9.340000       0.028645       0.021165 
9.360000       0.021850       0.021036 
9.380000       0.014337       0.020907 
9.400000       0.012883       0.020780 
9.420000       0.018681       0.020654 
9.440000       0.026265       0.020529 
9.460000       0.028554       0.020404 
9.480000       0.023354       0.020278 
9.500000       0.015354       0.020154 
9.520000       0.011790       0.020030 
9.540000       0.015802       0.019908 
9.560000       0.023565       0.019787 
9.580000       0.027829       0.019666 
9.600000       0.024585       0.019545 
9.620000       0.016729       0.019424 
9.640000       0.011378       0.019304 
9.660000       0.013321       0.019185 
9.680000       0.020638       0.019067 
9.700000       0.026484       0.018951 
9.720000       0.025394       0.018833 
9.740000       0.018288       0.018716 
9.760000       0.011604       0.018600 
9.780000       0.011367       0.018485 
9.800000       0.017663       0.018371 
9.820000       0.024584       0.018258 
9.840000       0.025672       0.018145 
9.860000       0.019849       0.018031 
9.880000       0.012380       0.017918 
9.900000       0.010024       0.017807 
9.920000       0.014819       0.017696 
9.940000       0.022236       0.017587 
9.960000       0.025358       0.017477 
9.980000       0.021236       0.017368 
10.000000       0.013581       0.017259 
10.020000       0.009331       0.017150 
10.040000       0.012273       0.017043 
10.060000       0.019582       0.016937 
10.080000       0.024436       0.016832 
10.100000       0.022292       0.016726 
10.120000       0.015048       0.016620 
10.140000       0.009275       0.016515 
10.160000       0.010168       0.016411 
10.180000       0.016787       0.016308 
10.200000       0.022942       0.016206 
10.220000       0.022892       0.016104 
10.240000       0.016613       0.016002 
10.260000       0.009797       0.015900 
10.280000       0.008608       0.015799 
10.300000       0.014024       0.015700 
10.320000       0.020958       0.015601 
10.340000       0.022950       0.015503 
10.360000       0.018100       0.015404 
10.380000       0.010794       0.015305 
10.400000       0.007656       0.015208 
10.420000       0.011461       0.015112 
10.440000       0.018602       0.015016 
10.460000       0.022426       0.014921 
10.480000       0.019348       0.014826 
10.500000       0.012130       0.014730 
10.520000       0.007326       0.014636 
10.540000       0.009248       0.014542 
10.560000       0.016023       0.014450 
10.580000       0.021330       0.014358 
10.600000       0.020219       0.014266 
10.620000       0.013649       0.014174 
10.640000       0.007585       0.014083 
10.660000       0.007507       0.013992 
10.680000       0.013382       0.013903 
10.700000       0.019714       0.013814 
10.720000       0.020609       0.013726 
10.740000       0.015183       0.013637 
10.760000       0.008357       0.013548 
10.780000       0.006321       0.013461 
10.800000       0.010845       0.013374 
10.820000       0.017674       0.013289 
10.840000       0.020454       0.013203 
10.860000       0.016569       0.013117 
10.880000       0.009529       0.013032 
10.900000       0.005729       0.012947 
10.920000       0.008568       0.012863 
10.940000       0.015339       0.012780 
10.960000       0.019738       0.012698 
10.980000       0.017660       0.012615 
11.000000       0.010959       0.012533 
11.020000       0.005725       0.012450 
11.040000       0.006683       0.012369 
11.060000       0.012857       0.012290 
11.080000       0.018489       0.012210 
11.100000       0.018338       0.012130 
11.120000       0.012489       0.012051 
11.140000       0.006258       0.011971 
11.160000       0.005293       0.011893 
11.180000       0.010389       0.011815 
11.200000       0.016777       0.011739 
11.220000       0.018519       0.011662 
11.240000       0.013961       0.011585 
11.260000       0.007237       0.011508 
11.280000       0.004457       0.011432 
11.300000       0.008089       0.011358 
11.320000       0.014710       0.011284 
11.340000       0.018163       0.011210 
11.360000       0.015222       0.011136 
11.380000       0.008540       0.011062 
11.400000       0.004195       0.010988 
11.420000       0.006101       0.010916 
11.440000       0.012420       0.010844 
11.460000       0.017272       0.010773 
11.480000       0.016143       0.010702 
11.500000       0.010023       0.010630 
11.520000       0.004481       0.010559 
11.540000       0.004538       0.010489 
11.560000       0.010058       0.010420 
11.580000       0.015893       0.010352 
11.600000       0.016623       0.010283 
11.620000       0.011530       0.010214 
11.640000       0.005247       0.010146 
11.660000       0.003481       0.010078 
11.680000       0.007777       0.010011 
11.700000       0.014111       0.009945 
11.720000       0.016600       0.009879 
11.740000       0.012912       0.009813 
11.760000       0.006391       0.009747 
11.780000       0.002972       0.009681 
11.800000       0.005723       0.009617 
11.820000       0.012040       0.009553 
11.840000       0.016054       0.009490 
11.860000       0.014029       0.009426 
11.880000       0.007784       0.009362 
11.900000       0.003008       0.009299 
11.920000       0.004022       0.009236 
11.940000       0.009820       0.009175 
11.960000       0.015008       0.009114 
11.980000       0.014768       0.009053 
12.000000       0.009283       0.008991 
12.020000       0.003546       0.008930 
12.040000       0.002771       0.008870 
12.060000       0.007597       0.008810 
12.080000       0.013522       0.008751 
12.100000       0.015049       0.008693 
12.120000       0.010736       0.008633 
12.140000       0.004506       0.008574 
12.160000       0.002030       0.008516 
12.180000       0.005516       0.008459 
12.200000       0.011694       0.008402 
12.220000       0.014830       0.008345 
12.240000       0.012004       0.008289 
12.260000       0.005775       0.008232 
12.280000       0.001821       0.008175 
12.300000       0.003713       0.008120 
12.320000       0.009645       0.008065 
12.340000       0.014109       0.008011 
12.360000       0.012961       0.007956 
12.380000       0.007221       0.007901 
12.400000       0.002124       0.007847 
12.420000       0.002296       0.007794 
12.440000       0.007515       0.007741 
12.460000       0.012926       0.007689 
12.480000       0.013513       0.007636 
12.500000       0.008702       0.007583 
12.520000       0.002879       0.007531 
12.540000       0.001344       0.007479 
12.560000       0.005447       0.007428 
12.580000       0.011357       0.007378 
12.600000       0.013597       0.007328 
12.620000       0.010074       0.007277 
12.640000       0.003993       0.007226 
12.660000       0.000899       0.007176 
12.680000       0.003578       0.007127 
12.700000       0.009507       0.007079 
12.720000       0.013190       0.007031 
12.740000       0.011207       0.006982 
12.760000       0.005350       0.006933 
12.780000       0.000964       0.006885 
12.800000       0.002027       0.006838 
12.820000       0.007504       0.006791 
12.840000       0.012311       0.006744 
12.860000       0.011993       0.006698 
12.880000       0.006815       0.006651 
12.900000       0.001501       0.006604 
12.920000       0.000888       0.006559 
12.940000       0.005484       0.006514 
12.960000       0.011012       0.006469 
12.980000       0.012354       0.006424 
13.000000       0.008247       0.006379 
13.020000       0.002437       0.006334 
13.040000       0.000222       0.006290 
13.060000       0.003585       0.006247 
13.080000       0.009383       0.006204 
13.100000       0.012246       0.006161 
13.120000       0.009514       0.006118 
13.140000       0.003671       0.006074 
13.160000       0.000052       0.006032 
13.180000       0.001933       0.005990 
13.200000       0.007535       0.005949 
13.220000       0.011664       0.005907 
13.240000       0.010497       0.005866 
13.260000       0.005080       0.005824 
13.280000       0.000362       0.005783 
13.300000       0.000635       0.005743 
13.320000       0.005597       0.005703 
13.340000       0.010644       0.005664 
13.360000       0.011103       0.005624 
13.380000       0.006531       0.005584 
13.400000       0.001101       0.005544 
13.420000       -0.000234       0.005505 
13.440000       0.003705       0.005467 
13.460000       0.009251       0.005429 
13.480000       0.011273       0.005391 
13.500000       0.007888       0.005353 
13.520000       0.002184       0.005314 
13.540000       -0.000630       0.005277 
13.560000       0.001987       0.005240 
13.580000       0.007584       0.005203 
13.600000       0.010981       0.005167 
13.620000       0.009030       0.005130 
13.640000       0.003503       0.005093 
13.660000       -0.000549       0.005057 
13.680000       0.000558       0.005021 
13.700000       0.005760       0.004986 
13.720000       0.010238       0.004951 
13.740000       0.009850       0.004916 
13.760000       0.004932       0.004881 
13.780000       -0.000020       0.004846 
13.800000       -0.000491       0.004811 
13.820000       0.003908       0.004778 
13.840000       0.009095       0.004744 
13.860000       0.010273       0.004711 
13.880000       0.006340       0.004677 
13.900000       0.000889       0.004643 
13.920000       -0.001100       0.004609 
13.940000       0.002159       0.004577 
13.960000       0.007630       0.004545 
13.980000       0.010255       0.004513 
14.000000       0.007600       0.004480 
14.020000       0.002087       0.004448 
14.040000       -0.001244       0.004416 
14.060000       0.000631       0.004384 
14.080000       0.005948       0.004353 
14.100000       0.009788       0.004323 
14.120000       0.008599       0.004292 
14.140000       0.003458       0.004260 
14.160000       -0.000934       0.004229 
14.180000       -0.000573       0.004199 
14.200000       0.004170       0.004169 
14.220000       0.008901       0.004140 
14.240000       0.009248       0.004110 
14.260000       0.004876       0.004080 
14.280000       -0.000216       0.004050 
14.300000       -0.001378       0.004021 
14.320000       0.002422       0.003993 
14.340000       0.007655       0.003964 
14.360000       0.009486       0.003936 
14.380000       0.006216       0.003907 
14.400000       0.000834       0.003879 
14.420000       -0.001739       0.003850 
14.440000       0.000827       0.003823 
14.460000       0.006139       0.003796 
14.480000       0.009286       0.003769 
14.500000       0.007359       0.003741 
14.520000       0.002113       0.003714 
14.540000       -0.001650       0.003686 
14.560000       -0.000503       0.003660 
14.580000       0.004464       0.003634 
14.600000       0.008657       0.003608 
14.620000       0.008204       0.003582 
14.640000       0.003506       0.003555 
14.660000       -0.001135       0.003529 
14.680000       -0.001482       0.003503 
14.700000       0.002751       0.003478 
14.720000       0.007642       0.003454 
14.740000       0.008675       0.003429 
14.760000       0.004887       0.003403 
14.780000       -0.000255       0.003378 
14.800000       -0.002049       0.003353 
14.820000       0.001123       0.003329 
14.840000       0.006314       0.003305 
14.860000       0.008730       0.003281 
14.880000       0.006137       0.003257 
14.900000       0.000905       0.003233 
14.920000       -0.002177       0.003209 
14.940000       -0.000305       0.003186 
14.960000       0.004769       0.003163 
14.980000       0.008357       0.003140 
15.000000       0.007145       0.003117 
15.020000       0.002237       0.003094 
15.040000       -0.001874       0.003071 
15.060000       -0.001434       0.003048 
15.080000       0.003122       0.003026 
15.100000       0.007580       0.003005 
15.120000       0.007826       0.002983 
15.140000       0.003623       0.002960 
15.160000       -0.001180       0.002938 
15.180000       -0.002190       0.002916 
15.200000       0.001492       0.002895 
15.220000       0.006455       0.002875 
15.240000       0.008119       0.002854 
15.260000       0.004942       0.002832 
15.280000       -0.000165       0.002811 
15.300000       -0.002528       0.002790 
15.320000       -0.000002       0.002770 
15.340000       0.005065       0.002750 
15.360000       0.007995       0.002730 
15.380000       0.006082       0.002709 
15.400000       0.001075       0.002689 
15.420000       -0.002439       0.002669 
15.440000       -0.001254       0.002649 
15.460000       0.003513       0.002630 
15.480000       0.007459       0.002611 
15.500000       0.006944       0.002591 
15.520000       0.002432       0.002572 
15.540000       -0.001942       0.002552 
15.560000       -0.002179       0.002533 
15.580000       0.001913       0.002515 
15.600000       0.006550       0.002497 
15.620000       0.007454       0.002478 
15.640000       0.003786       0.002460 
15.660000       -0.001093       0.002441 
15.680000       -0.002716       0.002422 
15.700000       0.000384       0.002405 
15.720000       0.005335       0.002387 
15.740000       0.007568       0.002370 
15.760000       0.005022       0.002352 
15.780000       0.000028       0.002334 
15.800000       -0.002837       0.002316 
15.820000       -0.000963       0.002299 
15.840000       0.003904       0.002282 
15.860000       0.007272       0.002266 
15.880000       0.006035       0.002249 
15.900000       0.001323       0.002232 
15.920000       -0.002546       0.002214 
15.940000       -0.002034       0.002198 
15.960000       0.002364       0.002182 
15.980000       0.006587       0.002166 
16.000000       0.006740       0.002150 
16.020000       0.002677       0.002133 
16.040000       -0.001878       0.002117 
16.060000       -0.002755       0.002101 
16.080000       0.000831       0.002086 
16.100000       0.005563       0.002070 
16.120000       0.007077       0.002055 
16.140000       0.003975       0.002039 
16.160000       -0.000899       0.002023 
16.180000       -0.003080       0.002008 
16.200000       -0.000582       0.001993 
16.220000       0.004276       0.001979 
16.240000       0.007015       0.001964 
16.260000       0.005109       0.001949 
16.280000       0.000303       0.001934 
16.300000       -0.002996       0.001919 
16.320000       -0.001774       0.001905 
16.340000       0.002825       0.001891 
16.360000       0.006557       0.001877 
16.380000       0.005983       0.001863 
16.400000       0.001625       0.001848 
16.420000       -0.002521       0.001834 
16.440000       -0.002658       0.001820 
16.460000       0.001318       0.001807 
16.480000       0.005736       0.001793 
16.500000       0.006524       0.001780 
16.520000       0.002952       0.001766 
16.540000       -0.001703       0.001752 
16.560000       -0.003176       0.001739 
16.580000       -0.000131       0.001726 
16.600000       0.004615       0.001713 
16.620000       0.006687       0.001701 
16.640000       0.004175       0.001687 
16.660000       -0.000618       0.001674 
16.680000       -0.003297       0.001661 
16.700000       -0.001416       0.001649 
16.720000       0.003277       0.001637 
16.740000       0.006456       0.001624 
16.760000       0.005190       0.001612 
16.780000       0.000639       0.001599 
16.800000       -0.003022       0.001587 
16.820000       -0.002443       0.001575 
16.840000       0.001826       0.001563 
16.860000       0.005846       0.001552 
16.880000       0.005915       0.001540 
16.900000       0.001963       0.001528 
16.920000       -0.002382       0.001516 
16.940000       -0.003139       0.001504 
16.960000       0.000371       0.001493 
16.980000       0.004906       0.001482 
17.000000       0.006288       0.001471 
17.020000       0.003242       0.001459 
17.040000       -0.001437       0.001447 
17.060000       -0.003458       0.001436 
17.080000       -0.000980       0.001425 
17.100000       0.003705       0.001415 
17.120000       0.006278       0.001404 
17.140000       0.004370       0.001393 
17.160000       -0.000270       0.001382 
17.180000       -0.003385       0.001371 
17.200000       -0.002125       0.001361 
17.220000       0.002336       0.001351 
17.240000       0.005885       0.001341 
17.260000       0.005253       0.001331 
17.280000       0.001019       0.001320 
17.300000       -0.002933       0.001309 
17.320000       -0.002981       0.001299 
17.340000       0.000904       0.001290 
17.360000       0.005137       0.001280 
17.380000       0.005820       0.001270 
17.400000       0.002322       0.001260 
17.420000       -0.002147       0.001250 
17.440000       -0.003488       0.001240 
17.460000       -0.000482       0.001231 
17.480000       0.004093       0.001222 
17.500000       0.006024       0.001213 
17.520000       0.003532       0.001203 
17.540000       -0.001097       0.001193 
17.560000       -0.003614       0.001184 
17.580000       -0.001719       0.001175 
17.600000       0.002832       0.001166 
17.620000       0.005847       0.001158 
17.640000       0.004549       0.001149 
17.660000       0.000128       0.001139 
17.680000       -0.003357       0.001130 
17.700000       -0.002714       0.001121 
17.720000       0.001452       0.001113 
17.740000       0.005301       0.001105 
17.760000       0.005290       0.001096 
17.780000       0.001425       0.001087 
17.800000       -0.002745       0.001079 
17.820000       -0.003396       0.001070 
17.840000       0.000058       0.001062 
17.860000       0.004430       0.001054 
17.880000       0.005694       0.001046 
17.900000       0.002686       0.001038 
17.920000       -0.001833       0.001029 
17.940000       -0.003716       0.001021 
17.960000       -0.001244       0.001013 
17.980000       0.003299       0.001006 
18.000000       0.005729       0.000998 
18.020000       0.003809       0.000990 
18.040000       -0.000699       0.000982 
18.060000       -0.003656       0.000974 
18.080000       -0.002355       0.000967 
18.100000       0.001997       0.000960 
18.120000       0.005391       0.000953 
18.140000       0.004702       0.000945 
18.160000       0.000561       0.000937 
18.180000       -0.003228       0.000930 
18.200000       -0.003193       0.000922 
18.220000       0.000624       0.000915 
18.240000       0.004704       0.000909 
18.260000       0.005292       0.000902 
18.280000       0.001844       0.000894 
18.300000       -0.002472       0.000887 
18.320000       -0.003697       0.000880 
18.340000       -0.000714       0.000873 
18.360000       0.003724       0.000867 
18.380000       0.005531       0.000860 
18.400000       0.003044       0.000853 
18.420000       -0.001454       0.000846 
18.440000       -0.003833       0.000839 
18.460000       -0.001916       0.000833 
18.480000       0.002525       0.000827 
18.500000       0.005400       0.000820 
18.520000       0.004064       0.000814 
18.540000       -0.000258       0.000807 
18.560000       -0.003596       0.000800 
18.580000       -0.002891       0.000794 
18.600000       0.001200       0.000788 
18.620000       0.004908       0.000782 
18.640000       0.004821       0.000776 
18.660000       0.001016       0.000770 
18.680000       -0.003011       0.000763 
18.700000       -0.003566       0.000757 
18.720000       -0.000147       0.000751 
18.740000       0.004094       0.000746 
18.760000       0.005254       0.000740 
18.780000       0.002264       0.000734 
18.800000       -0.002129       0.000728 
18.820000       -0.003892       0.000722 
18.840000       -0.001413       0.000716 
18.860000       0.003020       0.000711 
18.880000       0.005328       0.000706 
18.900000       0.003385       0.000700 
18.920000       -0.001023       0.000694 
18.940000       -0.003849       0.000688 
18.960000       -0.002502       0.000683 
18.980000       0.001771       0.000678 
19.000000       0.005036       0.000673 
19.020000       0.004288       0.000668 
19.040000       0.000213       0.000662 
19.060000       -0.003446       0.000656 
19.080000       -0.003332       0.000651 
19.100000       0.000443       0.000646 
19.120000       0.004401       0.000641 
19.140000       0.004900       0.000636 
19.160000       0.001480       0.000631 
19.180000       -0.002717       0.000626 
19.200000       -0.003839       0.000620 
19.220000       -0.000861       0.000616 
19.240000       0.003472       0.000611 
19.260000       0.005172       0.000607 
19.280000       0.002675       0.000602 
19.300000       -0.001726       0.000596 
19.320000       -0.003989       0.000591 
19.340000       -0.002040       0.000587 
19.360000       0.002322       0.000583 
19.380000       0.005082       0.000578 
19.400000       0.003701       0.000573 
19.420000       -0.000554       0.000568 
19.440000       -0.003774       0.000564 
19.460000       -0.003005       0.000559 
19.480000       0.001040       0.000555 
19.500000       0.004636       0.000551 
19.520000       0.004475       0.000547 
19.540000       0.000703       0.000542 
19.560000       -0.003215       0.000537 
19.580000       -0.003681       0.000533 
19.600000       -0.000274       0.000529 
19.620000       0.003869       0.000525 
19.640000       0.004935       0.000521 
19.660000       0.001944       0.000516 
19.680000       -0.002358       0.000512 
19.700000       -0.004019       0.000508 
19.720000       -0.001518       0.000504 
19.740000       0.002840       0.000500 
19.760000       0.005045       0.000496 
19.780000       0.003067       0.000492 
19.800000       -0.001276       0.000488 
19.820000       -0.003996       0.000484 
19.840000       -0.002596       0.000480 
19.860000       0.001630       0.000476 
19.880000       0.004794       0.000473 
19.900000       0.003984       0.000469 
19.920000       -0.000057       0.000465 
19.940000       -0.003616       0.000461 
19.960000       -0.003426       0.000457 
19.980000       0.000334       0.000454 
