# time   C_FQM_Re    C_FQM_Im    C_FQM_Re_erf    C_FQM_Im_erf 
0.000000       1.000000       0.000000       0.754536      -0.000003 
0.100000       0.899742       -0.268696       0.654277      -0.268699 
0.200000       0.683580       -0.397118       0.438116      -0.397121 
0.300000       0.486223       -0.388481       0.240759      -0.388484 
0.400000       0.359177       -0.320005       0.113713      -0.320008 
0.500000       0.289328       -0.245683       0.043864      -0.245686 
0.600000       0.252485       -0.183977       0.007021      -0.183980 
0.700000       0.232615       -0.136651       -0.012849      -0.136654 
0.800000       0.221447       -0.101032       -0.024017      -0.101035 
0.900000       0.215008       -0.074221       -0.030456      -0.074224 
1.000000       0.211348       -0.053966       -0.034116      -0.053969 
1.100000       0.209440       -0.038635       -0.036024      -0.038638 
1.200000       0.208686       -0.027042       -0.036779      -0.027045 
1.300000       0.208703       -0.018306       -0.036761      -0.018309 
1.400000       0.209237       -0.011759       -0.036227      -0.011762 
1.500000       0.210107       -0.006888       -0.035357      -0.006891 
1.600000       0.211189       -0.003296       -0.034275      -0.003298 
1.700000       0.212397       -0.000675       -0.033067      -0.000678 
1.800000       0.213670       0.001211       -0.031794      0.001208 
1.900000       0.214968       0.002543       -0.030496      0.002540 
2.000000       0.216262       0.003460       -0.029202      0.003458 
2.100000       0.217533       0.004068       -0.027931      0.004065 
2.200000       0.218771       0.004447       -0.026693      0.004444 
2.300000       0.219966       0.004656       -0.025498      0.004653 
2.400000       0.221115       0.004742       -0.024349      0.004739 
2.500000       0.222214       0.004739       -0.023250      0.004736 
2.600000       0.223263       0.004672       -0.022201      0.004669 
2.700000       0.224262       0.004560       -0.021202      0.004557 
2.800000       0.225211       0.004419       -0.020253      0.004416 
2.900000       0.226112       0.004258       -0.019352      0.004255 
3.000000       0.226967       0.004086       -0.018497      0.004083 
3.100000       0.227776       0.003908       -0.017688      0.003905 
3.200000       0.228543       0.003729       -0.016921      0.003726 
3.300000       0.229269       0.003552       -0.016195      0.003549 
3.400000       0.229956       0.003378       -0.015508      0.003375 
3.500000       0.230606       0.003210       -0.014858      0.003207 
3.600000       0.231222       0.003048       -0.014242      0.003045 
3.700000       0.231805       0.002892       -0.013659      0.002890 
3.800000       0.232357       0.002744       -0.013107      0.002742 
3.900000       0.232880       0.002604       -0.012584      0.002601 
4.000000       0.233376       0.002470       -0.012089      0.002467 
4.100000       0.233845       0.002344       -0.011619      0.002341 
4.200000       0.234291       0.002224       -0.011173      0.002222 
4.300000       0.234714       0.002112       -0.010751      0.002109 
4.400000       0.235115       0.002005       -0.010349      0.002003 
4.500000       0.235496       0.001905       -0.009968      0.001902 
4.600000       0.235858       0.001811       -0.009606      0.001808 
4.700000       0.236202       0.001722       -0.009262      0.001719 
4.800000       0.236530       0.001638       -0.008934      0.001635 
4.900000       0.236842       0.001559       -0.008623      0.001556 
5.000000       0.237138       0.001484       -0.008326      0.001481 
5.100000       0.237421       0.001414       -0.008043      0.001411 
5.200000       0.237691       0.001348       -0.007773      0.001345 
5.300000       0.237948       0.001285       -0.007516      0.001283 
5.400000       0.238193       0.001227       -0.007271      0.001224 
5.500000       0.238428       0.001171       -0.007037      0.001168 
5.600000       0.238651       0.001118       -0.006813      0.001116 
5.700000       0.238865       0.001069       -0.006599      0.001066 
5.800000       0.239070       0.001022       -0.006394      0.001019 
5.900000       0.239266       0.000978       -0.006198      0.000975 
6.000000       0.239453       0.000936       -0.006011      0.000933 
6.100000       0.239633       0.000896       -0.005831      0.000894 
6.200000       0.239805       0.000859       -0.005659      0.000856 
6.300000       0.239970       0.000823       -0.005494      0.000820 
6.400000       0.240128       0.000790       -0.005336      0.000787 
6.500000       0.240280       0.000758       -0.005184      0.000755 
6.600000       0.240426       0.000727       -0.005038      0.000725 
6.700000       0.240566       0.000699       -0.004898      0.000696 
6.800000       0.240700       0.000671       -0.004764      0.000668 
6.900000       0.240830       0.000645       -0.004634      0.000643 
7.000000       0.240954       0.000621       -0.004510      0.000618 
7.100000       0.241074       0.000597       -0.004390      0.000594 
7.200000       0.241190       0.000575       -0.004275      0.000572 
7.300000       0.241301       0.000554       -0.004163      0.000551 
7.400000       0.241408       0.000533       -0.004056      0.000530 
7.500000       0.241511       0.000514       -0.003953      0.000511 
7.600000       0.241610       0.000496       -0.003854      0.000493 
7.700000       0.241706       0.000478       -0.003758      0.000475 
7.800000       0.241799       0.000461       -0.003665      0.000458 
7.900000       0.241888       0.000445       -0.003576      0.000442 
8.000000       0.241975       0.000430       -0.003489      0.000427 
8.100000       0.242058       0.000415       -0.003406      0.000412 
8.200000       0.242139       0.000401       -0.003325      0.000399 
8.300000       0.242217       0.000388       -0.003247      0.000385 
8.400000       0.242292       0.000375       -0.003172      0.000372 
8.500000       0.242365       0.000363       -0.003099      0.000360 
8.600000       0.242436       0.000351       -0.003029      0.000348 
8.700000       0.242504       0.000340       -0.002960      0.000337 
8.800000       0.242570       0.000329       -0.002894      0.000326 
8.900000       0.242634       0.000319       -0.002830      0.000316 
9.000000       0.242696       0.000309       -0.002768      0.000306 
9.100000       0.242756       0.000299       -0.002708      0.000297 
9.200000       0.242815       0.000290       -0.002649      0.000287 
9.300000       0.242871       0.000282       -0.002593      0.000279 
9.400000       0.242926       0.000273       -0.002538      0.000270 
9.500000       0.242980       0.000265       -0.002485      0.000262 
9.600000       0.243031       0.000257       -0.002433      0.000254 
9.700000       0.243081       0.000250       -0.002383      0.000247 
9.800000       0.243130       0.000243       -0.002334      0.000240 
9.900000       0.243178       0.000236       -0.002287      0.000233 
10.000000       0.243224       0.000229       -0.002241      0.000226 
10.100000       0.243268       0.000223       -0.002196      0.000220 
10.200000       0.243312       0.000216       -0.002152      0.000213 
10.300000       0.243354       0.000210       -0.002110      0.000208 
10.400000       0.243395       0.000205       -0.002069      0.000202 
10.500000       0.243435       0.000199       -0.002029      0.000196 
10.600000       0.243474       0.000194       -0.001990      0.000191 
10.700000       0.243512       0.000189       -0.001952      0.000186 
10.800000       0.243549       0.000184       -0.001915      0.000181 
10.900000       0.243585       0.000179       -0.001879      0.000176 
11.000000       0.243620       0.000174       -0.001844      0.000171 
11.100000       0.243654       0.000170       -0.001810      0.000167 
11.200000       0.243687       0.000165       -0.001777      0.000162 
11.300000       0.243720       0.000161       -0.001744      0.000158 
11.400000       0.243751       0.000157       -0.001713      0.000154 
11.500000       0.243782       0.000153       -0.001682      0.000150 
11.600000       0.243812       0.000149       -0.001652      0.000146 
11.700000       0.243842       0.000146       -0.001623      0.000143 
11.800000       0.243870       0.000142       -0.001594      0.000139 
11.900000       0.243898       0.000139       -0.001566      0.000136 
12.000000       0.243925       0.000135       -0.001539      0.000132 
12.100000       0.243952       0.000132       -0.001512      0.000129 
12.200000       0.243978       0.000129       -0.001486      0.000126 
12.300000       0.244003       0.000126       -0.001461      0.000123 
12.400000       0.244028       0.000123       -0.001436      0.000120 
12.500000       0.244052       0.000120       -0.001412      0.000117 
12.600000       0.244076       0.000117       -0.001388      0.000115 
12.700000       0.244099       0.000115       -0.001365      0.000112 
12.800000       0.244121       0.000112       -0.001343      0.000109 
12.900000       0.244143       0.000110       -0.001321      0.000107 
13.000000       0.244165       0.000107       -0.001299      0.000104 
13.100000       0.244186       0.000105       -0.001278      0.000102 
13.200000       0.244207       0.000103       -0.001257      0.000100 
13.300000       0.244227       0.000100       -0.001237      0.000097 
13.400000       0.244247       0.000098       -0.001217      0.000095 
13.500000       0.244266       0.000096       -0.001198      0.000093 
13.600000       0.244285       0.000094       -0.001179      0.000091 
13.700000       0.244303       0.000092       -0.001161      0.000089 
13.800000       0.244321       0.000090       -0.001143      0.000087 
13.900000       0.244339       0.000088       -0.001125      0.000085 
14.000000       0.244357       0.000086       -0.001108      0.000083 
14.100000       0.244374       0.000085       -0.001091      0.000082 
14.200000       0.244390       0.000083       -0.001074      0.000080 
14.300000       0.244407       0.000081       -0.001058      0.000078 
14.400000       0.244423       0.000080       -0.001042      0.000077 
14.500000       0.244438       0.000078       -0.001026      0.000075 
14.600000       0.244454       0.000076       -0.001011      0.000073 
14.700000       0.244469       0.000075       -0.000995      0.000072 
14.800000       0.244483       0.000073       -0.000981      0.000070 
14.900000       0.244498       0.000072       -0.000966      0.000069 
15.000000       0.244512       0.000071       -0.000952      0.000068 
15.100000       0.244526       0.000069       -0.000938      0.000066 
15.200000       0.244540       0.000068       -0.000925      0.000065 
15.300000       0.244553       0.000067       -0.000911      0.000064 
15.400000       0.244566       0.000065       -0.000898      0.000062 
15.500000       0.244579       0.000064       -0.000885      0.000061 
15.600000       0.244592       0.000063       -0.000873      0.000060 
15.700000       0.244604       0.000062       -0.000860      0.000059 
15.800000       0.244616       0.000061       -0.000848      0.000058 
15.900000       0.244628       0.000059       -0.000836      0.000057 
16.000000       0.244640       0.000058       -0.000824      0.000055 
16.100000       0.244651       0.000057       -0.000813      0.000054 
16.200000       0.244663       0.000056       -0.000801      0.000053 
16.300000       0.244674       0.000055       -0.000790      0.000052 
16.400000       0.244685       0.000054       -0.000779      0.000051 
16.500000       0.244695       0.000053       -0.000769      0.000050 
16.600000       0.244706       0.000052       -0.000758      0.000049 
16.700000       0.244716       0.000051       -0.000748      0.000049 
16.800000       0.244726       0.000051       -0.000738      0.000048 
16.900000       0.244736       0.000050       -0.000728      0.000047 
17.000000       0.244746       0.000049       -0.000718      0.000046 
17.100000       0.244756       0.000048       -0.000708      0.000045 
17.200000       0.244765       0.000047       -0.000699      0.000044 
17.300000       0.244775       0.000046       -0.000689      0.000043 
17.400000       0.244784       0.000046       -0.000680      0.000043 
17.500000       0.244793       0.000045       -0.000671      0.000042 
17.600000       0.244802       0.000044       -0.000662      0.000041 
17.700000       0.244810       0.000043       -0.000654      0.000040 
17.800000       0.244819       0.000043       -0.000645      0.000040 
17.900000       0.244827       0.000042       -0.000637      0.000039 
18.000000       0.244836       0.000041       -0.000628      0.000038 
18.100000       0.244844       0.000041       -0.000620      0.000038 
18.200000       0.244852       0.000040       -0.000612      0.000037 
18.300000       0.244860       0.000039       -0.000604      0.000036 
18.400000       0.244867       0.000039       -0.000597      0.000036 
18.500000       0.244875       0.000038       -0.000589      0.000035 
18.600000       0.244883       0.000037       -0.000582      0.000035 
18.700000       0.244890       0.000037       -0.000574      0.000034 
18.800000       0.244897       0.000036       -0.000567      0.000033 
18.900000       0.244904       0.000036       -0.000560      0.000033 
19.000000       0.244912       0.000035       -0.000553      0.000032 
19.100000       0.244918       0.000035       -0.000546      0.000032 
19.200000       0.244925       0.000034       -0.000539      0.000031 
19.300000       0.244932       0.000034       -0.000532      0.000031 
19.400000       0.244939       0.000033       -0.000525      0.000030 
19.500000       0.244945       0.000033       -0.000519      0.000030 
19.600000       0.244952       0.000032       -0.000513      0.000029 
19.700000       0.244958       0.000032       -0.000506      0.000029 
19.800000       0.244964       0.000031       -0.000500      0.000028 
19.900000       0.244970       0.000031       -0.000494      0.000028 
20.000000       0.244976       0.000030       -0.000488      0.000027 
20.100000       0.244982       0.000030       -0.000482      0.000027 
20.200000       0.244988       0.000029       -0.000476      0.000026 
20.300000       0.244994       0.000029       -0.000470      0.000026 
20.400000       0.245000       0.000028       -0.000464      0.000026 
20.500000       0.245005       0.000028       -0.000459      0.000025 
20.600000       0.245011       0.000028       -0.000453      0.000025 
20.700000       0.245016       0.000027       -0.000448      0.000024 
20.800000       0.245022       0.000027       -0.000442      0.000024 
20.900000       0.245027       0.000026       -0.000437      0.000024 
21.000000       0.245032       0.000026       -0.000432      0.000023 
21.100000       0.245038       0.000026       -0.000427      0.000023 
21.200000       0.245043       0.000025       -0.000421      0.000022 
21.300000       0.245048       0.000025       -0.000416      0.000022 
21.400000       0.245053       0.000025       -0.000411      0.000022 
21.500000       0.245058       0.000024       -0.000407      0.000021 
21.600000       0.245062       0.000024       -0.000402      0.000021 
21.700000       0.245067       0.000024       -0.000397      0.000021 
21.800000       0.245072       0.000023       -0.000392      0.000020 
21.900000       0.245076       0.000023       -0.000388      0.000020 
22.000000       0.245081       0.000023       -0.000383      0.000020 
22.100000       0.245086       0.000022       -0.000379      0.000020 
22.200000       0.245090       0.000022       -0.000374      0.000019 
22.300000       0.245094       0.000022       -0.000370      0.000019 
22.400000       0.245099       0.000022       -0.000365      0.000019 
22.500000       0.245103       0.000021       -0.000361      0.000018 
22.600000       0.245107       0.000021       -0.000357      0.000018 
22.700000       0.245111       0.000021       -0.000353      0.000018 
22.800000       0.245115       0.000020       -0.000349      0.000018 
22.900000       0.245119       0.000020       -0.000345      0.000017 
23.000000       0.245124       0.000020       -0.000341      0.000017 
23.100000       0.245127       0.000020       -0.000337      0.000017 
23.200000       0.245131       0.000019       -0.000333      0.000017 
23.300000       0.245135       0.000019       -0.000329      0.000016 
23.400000       0.245139       0.000019       -0.000325      0.000016 
23.500000       0.245143       0.000019       -0.000321      0.000016 
23.600000       0.245146       0.000018       -0.000318      0.000016 
23.700000       0.245150       0.000018       -0.000314      0.000015 
23.800000       0.245154       0.000018       -0.000310      0.000015 
23.900000       0.245157       0.000018       -0.000307      0.000015 
24.000000       0.245161       0.000018       -0.000303      0.000015 
24.100000       0.245164       0.000017       -0.000300      0.000014 
24.200000       0.245168       0.000017       -0.000296      0.000014 
24.300000       0.245171       0.000017       -0.000293      0.000014 
24.400000       0.245175       0.000017       -0.000290      0.000014 
24.500000       0.245178       0.000017       -0.000286      0.000014 
24.600000       0.245181       0.000016       -0.000283      0.000013 
24.700000       0.245184       0.000016       -0.000280      0.000013 
24.800000       0.245188       0.000016       -0.000277      0.000013 
24.900000       0.245191       0.000016       -0.000273      0.000013 
25.000000       0.245194       0.000016       -0.000270      0.000013 
25.100000       0.245197       0.000015       -0.000267      0.000012 
25.200000       0.245200       0.000015       -0.000264      0.000012 
25.300000       0.245203       0.000015       -0.000261      0.000012 
25.400000       0.245206       0.000015       -0.000258      0.000012 
25.500000       0.245209       0.000015       -0.000255      0.000012 
25.600000       0.245212       0.000014       -0.000252      0.000012 
25.700000       0.245215       0.000014       -0.000249      0.000011 
25.800000       0.245218       0.000014       -0.000247      0.000011 
25.900000       0.245220       0.000014       -0.000244      0.000011 
26.000000       0.245223       0.000014       -0.000241      0.000011 
26.100000       0.245226       0.000014       -0.000238      0.000011 
26.200000       0.245229       0.000014       -0.000236      0.000011 
26.300000       0.245231       0.000013       -0.000233      0.000010 
26.400000       0.245234       0.000013       -0.000230      0.000010 
26.500000       0.245237       0.000013       -0.000228      0.000010 
26.600000       0.245239       0.000013       -0.000225      0.000010 
26.700000       0.245242       0.000013       -0.000222      0.000010 
26.800000       0.245244       0.000013       -0.000220      0.000010 
26.900000       0.245247       0.000012       -0.000217      0.000010 
27.000000       0.245249       0.000012       -0.000215      0.000009 
27.100000       0.245252       0.000012       -0.000212      0.000009 
27.200000       0.245254       0.000012       -0.000210      0.000009 
27.300000       0.245257       0.000012       -0.000208      0.000009 
27.400000       0.245259       0.000012       -0.000205      0.000009 
27.500000       0.245261       0.000012       -0.000203      0.000009 
27.600000       0.245264       0.000012       -0.000201      0.000009 
27.700000       0.245266       0.000011       -0.000198      0.000009 
27.800000       0.245268       0.000011       -0.000196      0.000008 
27.900000       0.245270       0.000011       -0.000194      0.000008 
28.000000       0.245273       0.000011       -0.000192      0.000008 
28.100000       0.245275       0.000011       -0.000189      0.000008 
28.200000       0.245277       0.000011       -0.000187      0.000008 
28.300000       0.245279       0.000011       -0.000185      0.000008 
28.400000       0.245281       0.000011       -0.000183      0.000008 
28.500000       0.245283       0.000011       -0.000181      0.000008 
28.600000       0.245286       0.000010       -0.000179      0.000008 
28.700000       0.245288       0.000010       -0.000177      0.000007 
28.800000       0.245290       0.000010       -0.000175      0.000007 
28.900000       0.245292       0.000010       -0.000172      0.000007 
29.000000       0.245294       0.000010       -0.000170      0.000007 
29.100000       0.245296       0.000010       -0.000168      0.000007 
29.200000       0.245298       0.000010       -0.000167      0.000007 
29.300000       0.245300       0.000010       -0.000165      0.000007 
29.400000       0.245302       0.000010       -0.000163      0.000007 
29.500000       0.245303       0.000010       -0.000161      0.000007 
29.600000       0.245305       0.000009       -0.000159      0.000007 
29.700000       0.245307       0.000009       -0.000157      0.000006 
29.800000       0.245309       0.000009       -0.000155      0.000006 
29.900000       0.245311       0.000009       -0.000153      0.000006 
30.000000       0.245313       0.000009       -0.000151      0.000006 
30.100000       0.245314       0.000009       -0.000150      0.000006 
30.200000       0.245316       0.000009       -0.000148      0.000006 
30.300000       0.245318       0.000009       -0.000146      0.000006 
30.400000       0.245320       0.000009       -0.000144      0.000006 
30.500000       0.245321       0.000009       -0.000143      0.000006 
30.600000       0.245323       0.000009       -0.000141      0.000006 
30.700000       0.245325       0.000008       -0.000139      0.000006 
30.800000       0.245327       0.000008       -0.000138      0.000005 
30.900000       0.245328       0.000008       -0.000136      0.000005 
31.000000       0.245330       0.000008       -0.000134      0.000005 
31.100000       0.245332       0.000008       -0.000133      0.000005 
31.200000       0.245333       0.000008       -0.000131      0.000005 
31.300000       0.245335       0.000008       -0.000129      0.000005 
31.400000       0.245336       0.000008       -0.000128      0.000005 
31.500000       0.245338       0.000008       -0.000126      0.000005 
31.600000       0.245339       0.000008       -0.000125      0.000005 
31.700000       0.245341       0.000008       -0.000123      0.000005 
31.800000       0.245343       0.000008       -0.000122      0.000005 
31.900000       0.245344       0.000008       -0.000120      0.000005 
32.000000       0.245346       0.000007       -0.000119      0.000005 
32.100000       0.245347       0.000007       -0.000117      0.000005 
32.200000       0.245348       0.000007       -0.000116      0.000004 
32.300000       0.245350       0.000007       -0.000114      0.000004 
32.400000       0.245351       0.000007       -0.000113      0.000004 
32.500000       0.245353       0.000007       -0.000111      0.000004 
32.600000       0.245354       0.000007       -0.000110      0.000004 
32.700000       0.245356       0.000007       -0.000108      0.000004 
32.800000       0.245357       0.000007       -0.000107      0.000004 
32.900000       0.245358       0.000007       -0.000106      0.000004 
33.000000       0.245360       0.000007       -0.000104      0.000004 
33.100000       0.245361       0.000007       -0.000103      0.000004 
33.200000       0.245363       0.000007       -0.000102      0.000004 
33.300000       0.245364       0.000007       -0.000100      0.000004 
33.400000       0.245365       0.000007       -0.000099      0.000004 
33.500000       0.245366       0.000007       -0.000098      0.000004 
33.600000       0.245368       0.000006       -0.000096      0.000004 
33.700000       0.245369       0.000006       -0.000095      0.000004 
33.800000       0.245370       0.000006       -0.000094      0.000003 
33.900000       0.245372       0.000006       -0.000093      0.000003 
34.000000       0.245373       0.000006       -0.000091      0.000003 
34.100000       0.245374       0.000006       -0.000090      0.000003 
34.200000       0.245375       0.000006       -0.000089      0.000003 
34.300000       0.245377       0.000006       -0.000088      0.000003 
34.400000       0.245378       0.000006       -0.000086      0.000003 
34.500000       0.245379       0.000006       -0.000085      0.000003 
34.600000       0.245380       0.000006       -0.000084      0.000003 
34.700000       0.245381       0.000006       -0.000083      0.000003 
34.800000       0.245383       0.000006       -0.000082      0.000003 
34.900000       0.245384       0.000006       -0.000080      0.000003 
35.000000       0.245385       0.000006       -0.000079      0.000003 
35.100000       0.245386       0.000006       -0.000078      0.000003 
35.200000       0.245387       0.000006       -0.000077      0.000003 
35.300000       0.245388       0.000006       -0.000076      0.000003 
35.400000       0.245389       0.000006       -0.000075      0.000003 
35.500000       0.245390       0.000006       -0.000074      0.000003 
35.600000       0.245392       0.000005       -0.000073      0.000003 
35.700000       0.245393       0.000005       -0.000072      0.000003 
35.800000       0.245394       0.000005       -0.000070      0.000003 
35.900000       0.245395       0.000005       -0.000069      0.000002 
36.000000       0.245396       0.000005       -0.000068      0.000002 
36.100000       0.245397       0.000005       -0.000067      0.000002 
36.200000       0.245398       0.000005       -0.000066      0.000002 
36.300000       0.245399       0.000005       -0.000065      0.000002 
36.400000       0.245400       0.000005       -0.000064      0.000002 
36.500000       0.245401       0.000005       -0.000063      0.000002 
36.600000       0.245402       0.000005       -0.000062      0.000002 
36.700000       0.245403       0.000005       -0.000061      0.000002 
36.800000       0.245404       0.000005       -0.000060      0.000002 
36.900000       0.245405       0.000005       -0.000059      0.000002 
37.000000       0.245406       0.000005       -0.000058      0.000002 
37.100000       0.245407       0.000005       -0.000057      0.000002 
37.200000       0.245408       0.000005       -0.000056      0.000002 
37.300000       0.245409       0.000005       -0.000055      0.000002 
37.400000       0.245410       0.000005       -0.000054      0.000002 
37.500000       0.245411       0.000005       -0.000053      0.000002 
37.600000       0.245412       0.000005       -0.000052      0.000002 
37.700000       0.245413       0.000005       -0.000051      0.000002 
37.800000       0.245414       0.000005       -0.000051      0.000002 
37.900000       0.245414       0.000005       -0.000050      0.000002 
38.000000       0.245415       0.000005       -0.000049      0.000002 
38.100000       0.245416       0.000004       -0.000048      0.000002 
38.200000       0.245417       0.000004       -0.000047      0.000002 
38.300000       0.245418       0.000004       -0.000046      0.000002 
38.400000       0.245419       0.000004       -0.000045      0.000002 
38.500000       0.245420       0.000004       -0.000044      0.000001 
38.600000       0.245421       0.000004       -0.000043      0.000001 
38.700000       0.245422       0.000004       -0.000043      0.000001 
38.800000       0.245422       0.000004       -0.000042      0.000001 
38.900000       0.245423       0.000004       -0.000041      0.000001 
39.000000       0.245424       0.000004       -0.000040      0.000001 
39.100000       0.245425       0.000004       -0.000039      0.000001 
39.200000       0.245426       0.000004       -0.000038      0.000001 
39.300000       0.245427       0.000004       -0.000038      0.000001 
39.400000       0.245427       0.000004       -0.000037      0.000001 
39.500000       0.245428       0.000004       -0.000036      0.000001 
39.600000       0.245429       0.000004       -0.000035      0.000001 
39.700000       0.245430       0.000004       -0.000034      0.000001 
39.800000       0.245431       0.000004       -0.000034      0.000001 
39.900000       0.245431       0.000004       -0.000033      0.000001 
40.000000       0.245432       0.000004       -0.000032      0.000001 
40.100000       0.245433       0.000004       -0.000031      0.000001 
40.200000       0.245434       0.000004       -0.000030      0.000001 
40.300000       0.245434       0.000004       -0.000030      0.000001 
40.400000       0.245435       0.000004       -0.000029      0.000001 
40.500000       0.245436       0.000004       -0.000028      0.000001 
40.600000       0.245437       0.000004       -0.000027      0.000001 
40.700000       0.245438       0.000004       -0.000027      0.000001 
40.800000       0.245438       0.000004       -0.000026      0.000001 
40.900000       0.245439       0.000004       -0.000025      0.000001 
41.000000       0.245440       0.000004       -0.000024      0.000001 
41.100000       0.245440       0.000004       -0.000024      0.000001 
41.200000       0.245441       0.000004       -0.000023      0.000001 
41.300000       0.245442       0.000004       -0.000022      0.000001 
41.400000       0.245443       0.000004       -0.000022      0.000001 
41.500000       0.245443       0.000004       -0.000021      0.000001 
41.600000       0.245444       0.000003       -0.000020      0.000001 
41.700000       0.245445       0.000003       -0.000019      0.000001 
41.800000       0.245445       0.000003       -0.000019      0.000001 
41.900000       0.245446       0.000003       -0.000018      0.000001 
42.000000       0.245447       0.000003       -0.000017      0.000001 
42.100000       0.245447       0.000003       -0.000017      0.000001 
42.200000       0.245448       0.000003       -0.000016      0.000000 
42.300000       0.245449       0.000003       -0.000015      0.000000 
42.400000       0.245449       0.000003       -0.000015      0.000000 
42.500000       0.245450       0.000003       -0.000014      0.000000 
42.600000       0.245451       0.000003       -0.000013      0.000000 
42.700000       0.245451       0.000003       -0.000013      0.000000 
42.800000       0.245452       0.000003       -0.000012      0.000000 
42.900000       0.245453       0.000003       -0.000011      0.000000 
43.000000       0.245453       0.000003       -0.000011      0.000000 
43.100000       0.245454       0.000003       -0.000010      0.000000 
43.200000       0.245455       0.000003       -0.000010      0.000000 
43.300000       0.245455       0.000003       -0.000009      0.000000 
43.400000       0.245456       0.000003       -0.000008      0.000000 
43.500000       0.245456       0.000003       -0.000008      0.000000 
43.600000       0.245457       0.000003       -0.000007      0.000000 
43.700000       0.245458       0.000003       -0.000006      0.000000 
43.800000       0.245458       0.000003       -0.000006      0.000000 
43.900000       0.245459       0.000003       -0.000005      0.000000 
44.000000       0.245459       0.000003       -0.000005      0.000000 
44.100000       0.245460       0.000003       -0.000004      0.000000 
44.200000       0.245461       0.000003       -0.000003      0.000000 
44.300000       0.245461       0.000003       -0.000003      0.000000 
44.400000       0.245462       0.000003       -0.000002      0.000000 
44.500000       0.245462       0.000003       -0.000002      0.000000 
44.600000       0.245463       0.000003       -0.000001      0.000000 
44.700000       0.245464       0.000003       -0.000001      -0.000000 
44.800000       0.245464       0.000003       0.000000      -0.000000 
44.900000       0.245465       0.000003       0.000001      -0.000000 
45.000000       0.245465       0.000003       0.000001      -0.000000 
45.100000       0.245466       0.000003       0.000002      -0.000000 
45.200000       0.245466       0.000003       0.000002      -0.000000 
45.300000       0.245467       0.000003       0.000003      -0.000000 
45.400000       0.245467       0.000003       0.000003      -0.000000 
45.500000       0.245468       0.000003       0.000004      -0.000000 
45.600000       0.245469       0.000003       0.000004      -0.000000 
45.700000       0.245469       0.000003       0.000005      -0.000000 
45.800000       0.245470       0.000003       0.000006      -0.000000 
45.900000       0.245470       0.000003       0.000006      -0.000000 
46.000000       0.245471       0.000003       0.000007      -0.000000 
46.100000       0.245471       0.000003       0.000007      -0.000000 
46.200000       0.245472       0.000003       0.000008      -0.000000 
46.300000       0.245472       0.000003       0.000008      -0.000000 
46.400000       0.245473       0.000003       0.000009      -0.000000 
46.500000       0.245473       0.000003       0.000009      -0.000000 
46.600000       0.245474       0.000003       0.000010      -0.000000 
46.700000       0.245474       0.000003       0.000010      -0.000000 
46.800000       0.245475       0.000003       0.000011      -0.000000 
46.900000       0.245475       0.000003       0.000011      -0.000000 
47.000000       0.245476       0.000003       0.000012      -0.000000 
47.100000       0.245476       0.000002       0.000012      -0.000000 
47.200000       0.245477       0.000002       0.000013      -0.000000 
47.300000       0.245477       0.000002       0.000013      -0.000000 
47.400000       0.245478       0.000002       0.000014      -0.000000 
47.500000       0.245478       0.000002       0.000014      -0.000000 
47.600000       0.245479       0.000002       0.000015      -0.000000 
47.700000       0.245479       0.000002       0.000015      -0.000000 
47.800000       0.245480       0.000002       0.000016      -0.000000 
47.900000       0.245480       0.000002       0.000016      -0.000000 
48.000000       0.245481       0.000002       0.000017      -0.000001 
48.100000       0.245481       0.000002       0.000017      -0.000001 
48.200000       0.245482       0.000002       0.000018      -0.000001 
48.300000       0.245482       0.000002       0.000018      -0.000001 
48.400000       0.245483       0.000002       0.000018      -0.000001 
48.500000       0.245483       0.000002       0.000019      -0.000001 
48.600000       0.245484       0.000002       0.000019      -0.000001 
48.700000       0.245484       0.000002       0.000020      -0.000001 
48.800000       0.245484       0.000002       0.000020      -0.000001 
48.900000       0.245485       0.000002       0.000021      -0.000001 
49.000000       0.245485       0.000002       0.000021      -0.000001 
49.100000       0.245486       0.000002       0.000022      -0.000001 
49.200000       0.245486       0.000002       0.000022      -0.000001 
49.300000       0.245487       0.000002       0.000023      -0.000001 
49.400000       0.245487       0.000002       0.000023      -0.000001 
49.500000       0.245488       0.000002       0.000023      -0.000001 
49.600000       0.245488       0.000002       0.000024      -0.000001 
49.700000       0.245488       0.000002       0.000024      -0.000001 
49.800000       0.245489       0.000002       0.000025      -0.000001 
49.900000       0.245489       0.000002       0.000025      -0.000001 
50.000000       0.245490       0.000002       0.000026      -0.000001 
