# w,    rate k
0.000000       0.139262
0.010000       0.134035
0.020000       0.118449
0.030000       0.094787
0.040000       0.066443
0.050000       0.037336
0.060000       0.011247
0.070000       -0.008793
0.080000       -0.020959
0.090000       -0.024853
0.100000       -0.021455
0.110000       -0.012832
0.120000       -0.001667
0.130000       0.009288
0.140000       0.017727
0.150000       0.022178
0.160000       0.022196
0.170000       0.018332
0.180000       0.011912
0.190000       0.004674
0.200000       -0.001646
0.210000       -0.005689
0.220000       -0.006732
0.230000       -0.004798
0.240000       -0.000579
0.250000       0.004769
0.260000       0.009924
0.270000       0.013709
0.280000       0.015351
0.290000       0.014626
0.300000       0.011873
0.310000       0.007880
0.320000       0.003671
0.330000       0.000254
0.340000       -0.001608
0.350000       -0.001564
0.360000       0.000272
0.370000       0.003368
0.380000       0.006928
0.390000       0.010090
0.400000       0.012130
0.410000       0.012630
0.420000       0.011557
0.430000       0.009255
0.440000       0.006343
0.450000       0.003557
0.460000       0.001570
0.470000       0.000833
0.480000       0.001480
0.490000       0.003305
0.500000       0.005828
0.510000       0.008421
0.520000       0.010459
0.530000       0.011475
0.540000       0.011263
0.550000       0.009917
0.560000       0.007801
0.570000       0.005452
0.580000       0.003444
0.590000       0.002253
0.600000       0.002142
0.610000       0.003109
0.620000       0.004893
0.630000       0.007047
0.640000       0.009047
0.650000       0.010426
0.660000       0.010875
0.670000       0.010323
0.680000       0.008937
0.690000       0.007082
0.700000       0.005224
0.710000       0.003817
0.720000       0.003190
0.730000       0.003478
0.740000       0.004589
0.750000       0.006235
0.760000       0.008005
0.770000       0.009469
0.780000       0.010280
0.790000       0.010260
0.800000       0.009434
0.810000       0.008022
0.820000       0.006381
0.830000       0.004918
0.840000       0.003986
0.850000       0.003802
0.860000       0.004400
0.870000       0.005623
0.880000       0.007165
0.890000       0.008650
0.900000       0.009721
0.910000       0.010128
0.920000       0.009786
0.930000       0.008789
0.940000       0.007391
0.950000       0.005933
0.960000       0.004768
0.970000       0.004169
0.980000       0.004269
0.990000       0.005032
1.000000       0.006261
1.010000       0.007652
1.020000       0.008868
1.030000       0.009620
1.040000       0.009738
1.050000       0.009203
1.060000       0.008158
1.070000       0.006863
1.080000       0.005634
1.090000       0.004764
1.100000       0.004455
1.110000       0.004769
1.120000       0.005619
1.130000       0.006788
1.140000       0.007988
1.150000       0.008928
1.160000       0.009383
1.170000       0.009250
1.180000       0.008567
1.190000       0.007503
1.200000       0.006315
1.210000       0.005282
1.220000       0.004642
1.230000       0.004531
1.240000       0.004959
1.250000       0.005804
1.260000       0.006848
1.270000       0.007834
1.280000       0.008524
1.290000       0.008759
1.300000       0.008498
1.310000       0.007819
1.320000       0.006905
1.330000       0.005990
1.340000       0.005305
1.350000       0.005020
1.360000       0.005204
1.370000       0.005810
1.380000       0.006686
1.390000       0.007617
1.400000       0.008377
1.410000       0.008784
1.420000       0.008744
1.430000       0.008273
1.440000       0.007490
1.450000       0.006588
1.460000       0.005782
1.470000       0.005262
1.480000       0.005142
1.490000       0.005436
1.500000       0.006053
1.510000       0.006829
1.520000       0.007558
1.530000       0.008053
1.540000       0.008187
1.550000       0.007925
1.560000       0.007332
1.570000       0.006556
1.580000       0.005789
1.590000       0.005224
1.600000       0.005000
1.610000       0.005173
1.620000       0.005701
1.630000       0.006454
1.640000       0.007248
1.650000       0.007887
1.660000       0.008214
1.670000       0.008148
1.680000       0.007702
1.690000       0.006981
1.700000       0.006156
1.710000       0.005423
1.720000       0.004953
1.730000       0.004852
1.740000       0.005139
1.750000       0.005736
1.760000       0.006495
1.770000       0.007227
1.780000       0.007756
1.790000       0.007952
1.800000       0.007771
1.810000       0.007259
1.820000       0.006540
1.830000       0.005787
1.840000       0.005179
1.850000       0.004857
1.860000       0.004891
1.870000       0.005264
1.880000       0.005878
1.890000       0.006577
1.900000       0.007188
1.910000       0.007564
1.920000       0.007618
1.930000       0.007343
1.940000       0.006813
1.950000       0.006166
1.960000       0.005567
1.970000       0.005166
1.980000       0.005064
1.990000       0.005287
2.000000       0.005779
2.010000       0.006417
2.020000       0.007043
2.030000       0.007503
2.040000       0.007680
2.050000       0.007529
2.060000       0.007085
2.070000       0.006454
2.080000       0.005786
2.090000       0.005240
2.100000       0.004944
2.110000       0.004965
2.120000       0.005290
2.130000       0.005835
2.140000       0.006460
2.150000       0.007005
2.160000       0.007331
2.170000       0.007353
2.180000       0.007059
2.190000       0.006514
2.200000       0.005844
2.210000       0.005206
2.220000       0.004748
2.230000       0.004576
2.240000       0.004726
2.250000       0.005160
2.260000       0.005770
2.270000       0.006408
2.280000       0.006922
2.290000       0.007190
2.300000       0.007149
2.310000       0.006812
2.320000       0.006260
2.330000       0.005625
2.340000       0.005054
2.350000       0.004676
2.360000       0.004570
2.370000       0.004747
2.380000       0.005149
2.390000       0.005663
2.400000       0.006153
2.410000       0.006488
2.420000       0.006581
2.430000       0.006404
2.440000       0.006000
2.450000       0.005468
2.460000       0.004938
2.470000       0.004542
2.480000       0.004378
2.490000       0.004489
2.500000       0.004850
2.510000       0.005374
2.520000       0.005936
2.530000       0.006400
2.540000       0.006655
2.550000       0.006638
2.560000       0.006354
2.570000       0.005869
2.580000       0.005298
2.590000       0.004772
2.600000       0.004413
2.610000       0.004300
2.620000       0.004450
2.630000       0.004819
2.640000       0.005309
2.650000       0.005795
2.660000       0.006155
2.670000       0.006301
2.680000       0.006197
2.690000       0.005870
2.700000       0.005401
2.710000       0.004906
2.720000       0.004504
2.730000       0.004291
2.740000       0.004315
2.750000       0.004565
2.760000       0.004972
2.770000       0.005428
2.780000       0.005814
2.790000       0.006026
2.800000       0.006003
2.810000       0.005742
2.820000       0.005297
2.830000       0.004768
2.840000       0.004276
2.850000       0.003933
2.860000       0.003817
2.870000       0.003950
2.880000       0.004298
2.890000       0.004775
2.900000       0.005266
2.910000       0.005656
2.920000       0.005854
2.930000       0.005818
2.940000       0.005564
2.950000       0.005158
2.960000       0.004701
2.970000       0.004307
2.980000       0.004069
2.990000       0.004042
3.000000       0.004225
3.010000       0.004567
3.020000       0.004976
3.030000       0.005346
3.040000       0.005578
3.050000       0.005612
3.060000       0.005434
3.070000       0.005084
3.080000       0.004646
3.090000       0.004223
3.100000       0.003918
3.110000       0.003802
3.120000       0.003902
3.130000       0.004190
3.140000       0.004595
3.150000       0.005014
3.160000       0.005344
3.170000       0.005503
3.180000       0.005450
3.190000       0.005195
3.200000       0.004800
3.210000       0.004358
3.220000       0.003974
3.230000       0.003736
3.240000       0.003700
3.250000       0.003868
3.260000       0.004196
3.270000       0.004597
3.280000       0.004970
3.290000       0.005220
3.300000       0.005282
3.310000       0.005138
3.320000       0.004819
3.330000       0.004401
3.340000       0.003981
3.350000       0.003658
3.360000       0.003506
3.370000       0.003558
3.380000       0.003797
3.390000       0.004159
3.400000       0.004554
3.410000       0.004880
3.420000       0.005057
3.430000       0.005038
3.440000       0.004825
3.450000       0.004469
3.460000       0.004052
3.470000       0.003672
3.480000       0.003419
3.490000       0.003348
3.500000       0.003473
3.510000       0.003758
3.520000       0.004129
3.530000       0.004493
3.540000       0.004758
3.550000       0.004858
3.560000       0.004769
3.570000       0.004511
3.580000       0.004147
3.590000       0.003766
3.600000       0.003458
3.610000       0.003296
3.620000       0.003317
3.630000       0.003511
3.640000       0.003825
3.650000       0.004178
3.660000       0.004477
3.670000       0.004644
3.680000       0.004633
3.690000       0.004440
3.700000       0.004107
3.710000       0.003710
3.720000       0.003341
3.730000       0.003085
3.740000       0.003000
3.750000       0.003101
3.760000       0.003362
3.770000       0.003716
3.780000       0.004074
3.790000       0.004348
3.800000       0.004469
3.810000       0.004409
3.820000       0.004181
3.830000       0.003840
3.840000       0.003467
3.850000       0.003151
3.860000       0.002966
3.870000       0.002954
3.880000       0.003114
3.890000       0.003403
3.900000       0.003746
3.910000       0.004059
3.920000       0.004261
3.930000       0.004302
3.940000       0.004171
3.950000       0.003899
3.960000       0.003553
3.970000       0.003216
3.980000       0.002969
3.990000       0.002874
4.000000       0.002952
4.010000       0.003183
4.020000       0.003512
4.030000       0.003857
4.040000       0.004133
4.050000       0.004274
4.060000       0.004243
4.070000       0.004046
4.080000       0.003729
4.090000       0.003364
4.100000       0.003037
4.110000       0.002819
4.120000       0.002759
4.130000       0.002864
4.140000       0.003101
4.150000       0.003407
4.160000       0.003703
4.170000       0.003914
4.180000       0.003985
4.190000       0.003899
4.200000       0.003676
4.210000       0.003371
4.220000       0.003058
4.230000       0.002812
4.240000       0.002690
4.250000       0.002721
4.260000       0.002892
4.270000       0.003157
4.280000       0.003447
4.290000       0.003685
4.300000       0.003809
4.310000       0.003784
4.320000       0.003611
4.330000       0.003330
4.340000       0.003006
4.350000       0.002715
4.360000       0.002528
4.370000       0.002490
4.380000       0.002609
4.390000       0.002858
4.400000       0.003178
4.410000       0.003494
4.420000       0.003732
4.430000       0.003836
4.440000       0.003785
4.450000       0.003592
4.460000       0.003306
4.470000       0.002995
4.480000       0.002733
4.490000       0.002579
4.500000       0.002565
4.510000       0.002687
4.520000       0.002909
4.530000       0.003167
4.540000       0.003392
4.550000       0.003521
4.560000       0.003515
4.570000       0.003369
4.580000       0.003113
4.590000       0.002803
4.600000       0.002507
4.610000       0.002292
4.620000       0.002205
4.630000       0.002260
4.640000       0.002440
4.650000       0.002696
4.660000       0.002966
4.670000       0.003181
4.680000       0.003293
4.690000       0.003276
4.700000       0.003140
4.710000       0.002922
4.720000       0.002682
4.730000       0.002482
4.740000       0.002375
4.750000       0.002388
4.760000       0.002519
4.770000       0.002734
4.780000       0.002978
4.790000       0.003189
4.800000       0.003310
4.810000       0.003308
4.820000       0.003180
4.830000       0.002953
4.840000       0.002679
4.850000       0.002421
4.860000       0.002238
4.870000       0.002172
4.880000       0.002234
4.890000       0.002404
4.900000       0.002636
4.910000       0.002868
4.920000       0.003038
4.930000       0.003101
4.940000       0.003037
4.950000       0.002860
4.960000       0.002611
4.970000       0.002351
4.980000       0.002143
4.990000       0.002041
5.000000       0.002069
5.010000       0.002223
5.020000       0.002466
5.030000       0.002739
5.040000       0.002974
5.050000       0.003111
5.060000       0.003115
5.070000       0.002980
5.080000       0.002735
5.090000       0.002434
5.100000       0.002146
5.110000       0.001937
5.120000       0.001853
5.130000       0.001912
5.140000       0.002097
5.150000       0.002360
5.160000       0.002636
5.170000       0.002858
5.180000       0.002970
5.190000       0.002943
5.200000       0.002784
5.210000       0.002530
5.220000       0.002241
5.230000       0.001985
5.240000       0.001823
5.250000       0.001791
5.260000       0.001895
5.270000       0.002109
5.280000       0.002377
5.290000       0.002634
5.300000       0.002815
5.310000       0.002875
5.320000       0.002798
5.330000       0.002600
5.340000       0.002328
5.350000       0.002044
5.360000       0.001814
5.370000       0.001691
5.380000       0.001700
5.390000       0.001836
5.400000       0.002062
5.410000       0.002322
5.420000       0.002549
5.430000       0.002688
5.440000       0.002704
5.450000       0.002592
5.460000       0.002379
5.470000       0.002116
5.480000       0.001865
5.490000       0.001684
5.500000       0.001615
5.510000       0.001671
5.520000       0.001834
5.530000       0.002061
5.540000       0.002293
5.550000       0.002472
5.560000       0.002550
5.570000       0.002509
5.580000       0.002356
5.590000       0.002128
5.600000       0.001881
5.610000       0.001673
5.620000       0.001555
5.630000       0.001553
5.640000       0.001667
5.650000       0.001868
5.660000       0.002105
5.670000       0.002320
5.680000       0.002459
5.690000       0.002487
5.700000       0.002396
5.710000       0.002209
5.720000       0.001969
5.730000       0.001732
5.740000       0.001555
5.750000       0.001478
5.760000       0.001517
5.770000       0.001659
5.780000       0.001867
5.790000       0.002089
5.800000       0.002268
5.810000       0.002362
5.820000       0.002346
5.830000       0.002226
5.840000       0.002032
5.850000       0.001811
5.860000       0.001617
5.870000       0.001497
5.880000       0.001477
5.890000       0.001559
5.900000       0.001718
5.910000       0.001910
5.920000       0.002083
5.930000       0.002188
5.940000       0.002196
5.950000       0.002099
5.960000       0.001917
5.970000       0.001692
5.980000       0.001478
5.990000       0.001325
6.000000       0.001271
6.010000       0.001330
6.020000       0.001487
6.030000       0.001706
6.040000       0.001933
6.050000       0.002113
6.060000       0.002202
6.070000       0.002178
6.080000       0.002045
6.090000       0.001835
6.100000       0.001595
6.110000       0.001382
6.120000       0.001244
6.130000       0.001212
6.140000       0.001290
6.150000       0.001457
6.160000       0.001668
6.170000       0.001872
6.180000       0.002016
6.190000       0.002066
6.200000       0.002009
6.210000       0.001862
6.220000       0.001661
6.230000       0.001457
6.240000       0.001301
6.250000       0.001232
6.260000       0.001269
6.270000       0.001401
6.280000       0.001595
6.290000       0.001803
6.300000       0.001972
6.310000       0.002057
6.320000       0.002034
6.330000       0.001907
6.340000       0.001703
6.350000       0.001469
6.360000       0.001261
6.370000       0.001127
6.380000       0.001099
6.390000       0.001184
6.400000       0.001361
6.410000       0.001588
6.420000       0.001810
6.430000       0.001973
6.440000       0.002038
6.450000       0.001987
6.460000       0.001832
6.470000       0.001608
6.480000       0.001365
6.490000       0.001158
6.500000       0.001033
6.510000       0.001013
6.520000       0.001099
6.530000       0.001263
6.540000       0.001460
6.550000       0.001638
6.560000       0.001750
6.570000       0.001766
6.580000       0.001679
6.590000       0.001508
6.600000       0.001296
6.610000       0.001091
6.620000       0.000943
6.630000       0.000887
6.640000       0.000936
6.650000       0.001079
6.660000       0.001279
6.670000       0.001489
6.680000       0.001659
6.690000       0.001748
6.700000       0.001735
6.710000       0.001626
6.720000       0.001448
6.730000       0.001244
6.740000       0.001064
6.750000       0.000951
6.760000       0.000930
6.770000       0.001005
6.780000       0.001154
6.790000       0.001338
6.800000       0.001512
6.810000       0.001631
6.820000       0.001667
6.830000       0.001612
6.840000       0.001481
6.850000       0.001310
6.860000       0.001143
6.870000       0.001025
6.880000       0.000987
6.890000       0.001040
6.900000       0.001173
6.910000       0.001352
6.920000       0.001533
6.930000       0.001667
6.940000       0.001717
6.950000       0.001666
6.960000       0.001521
6.970000       0.001310
6.980000       0.001080
6.990000       0.000880
7.000000       0.000756
7.010000       0.000734
7.020000       0.000817
7.030000       0.000984
7.040000       0.001194
7.050000       0.001396
7.060000       0.001543
7.070000       0.001599
7.080000       0.001552
7.090000       0.001413
7.100000       0.001217
7.110000       0.001008
7.120000       0.000837
7.130000       0.000741
7.140000       0.000740
7.150000       0.000831
7.160000       0.000986
7.170000       0.001165
7.180000       0.001320
7.190000       0.001412
7.200000       0.001416
7.210000       0.001331
7.220000       0.001176
7.230000       0.000991
7.240000       0.000821
7.250000       0.000709
7.260000       0.000682
7.270000       0.000748
7.280000       0.000892
7.290000       0.001080
7.300000       0.001266
7.310000       0.001406
7.320000       0.001465
7.330000       0.001430
7.340000       0.001310
7.350000       0.001133
7.360000       0.000943
7.370000       0.000785
7.380000       0.000696
7.390000       0.000698
7.400000       0.000789
7.410000       0.000945
7.420000       0.001126
7.430000       0.001288
7.440000       0.001390
7.450000       0.001406
7.460000       0.001330
7.470000       0.001181
7.480000       0.000992
7.490000       0.000808
7.500000       0.000671
7.510000       0.000613
7.520000       0.000644
7.530000       0.000756
7.540000       0.000918
7.550000       0.001090
7.560000       0.001227
7.570000       0.001298
7.580000       0.001283
7.590000       0.001189
7.600000       0.001038
7.610000       0.000869
7.620000       0.000723
7.630000       0.000638
7.640000       0.000633
7.650000       0.000709
7.660000       0.000847
7.670000       0.001012
7.680000       0.001161
7.690000       0.001256
7.700000       0.001272
7.710000       0.001203
7.720000       0.001063
7.730000       0.000885
7.740000       0.000711
7.750000       0.000580
7.760000       0.000524
7.770000       0.000554
7.780000       0.000662
7.790000       0.000820
7.800000       0.000988
7.810000       0.001124
7.820000       0.001196
7.830000       0.001185
7.840000       0.001095
7.850000       0.000948
7.860000       0.000782
7.870000       0.000637
7.880000       0.000551
7.890000       0.000546
7.900000       0.000624
7.910000       0.000767
7.920000       0.000942
7.930000       0.001107
7.940000       0.001221
7.950000       0.001257
7.960000       0.001208
7.970000       0.001083
7.980000       0.000914
7.990000       0.000740
8.000000       0.000603
8.010000       0.000535
8.020000       0.000549
8.030000       0.000640
8.040000       0.000784
8.050000       0.000942
8.060000       0.001072
8.070000       0.001141
8.080000       0.001128
8.090000       0.001034
8.100000       0.000879
8.110000       0.000698
8.120000       0.000534
8.130000       0.000425
8.140000       0.000397
8.150000       0.000455
8.160000       0.000586
8.170000       0.000758
8.180000       0.000931
8.190000       0.001063
8.200000       0.001124
8.210000       0.001100
8.220000       0.000999
8.230000       0.000845
8.240000       0.000676
8.250000       0.000534
8.260000       0.000451
8.270000       0.000446
8.280000       0.000519
8.290000       0.000651
8.300000       0.000807
8.310000       0.000948
8.320000       0.001038
8.330000       0.001056
8.340000       0.000997
8.350000       0.000874
8.360000       0.000718
8.370000       0.000567
8.380000       0.000457
8.390000       0.000413
8.400000       0.000446
8.410000       0.000547
8.420000       0.000688
8.430000       0.000834
8.440000       0.000948
8.450000       0.001001
8.460000       0.000979
8.470000       0.000885
8.480000       0.000742
8.490000       0.000582
8.500000       0.000443
8.510000       0.000356
8.520000       0.000339
8.530000       0.000394
8.540000       0.000504
8.550000       0.000639
8.560000       0.000763
8.570000       0.000844
8.580000       0.000862
8.590000       0.000811
8.600000       0.000704
8.610000       0.000570
8.620000       0.000443
8.630000       0.000355
8.640000       0.000332
8.650000       0.000380
8.660000       0.000490
8.670000       0.000635
8.680000       0.000782
8.690000       0.000894
8.700000       0.000943
8.710000       0.000917
8.720000       0.000822
8.730000       0.000678
8.740000       0.000522
8.750000       0.000389
8.760000       0.000313
8.770000       0.000310
8.780000       0.000382
8.790000       0.000511
8.800000       0.000666
8.810000       0.000808
8.820000       0.000902
8.830000       0.000927
8.840000       0.000875
8.850000       0.000759
8.860000       0.000606
8.870000       0.000454
8.880000       0.000339
8.890000       0.000288
8.900000       0.000312
8.910000       0.000404
8.920000       0.000540
8.930000       0.000685
8.940000       0.000802
8.950000       0.000860
8.960000       0.000843
8.970000       0.000752
8.980000       0.000607
8.990000       0.000441
9.000000       0.000293
9.010000       0.000197
9.020000       0.000174
9.030000       0.000229
9.040000       0.000349
9.050000       0.000504
9.060000       0.000656
9.070000       0.000771
9.080000       0.000821
9.090000       0.000795
9.100000       0.000701
9.110000       0.000563
9.120000       0.000416
9.130000       0.000296
9.140000       0.000233
9.150000       0.000241
9.160000       0.000318
9.170000       0.000445
9.180000       0.000591
9.190000       0.000719
9.200000       0.000797
9.210000       0.000807
9.220000       0.000747
9.230000       0.000630
9.240000       0.000485
9.250000       0.000348
9.260000       0.000252
9.270000       0.000219
9.280000       0.000256
9.290000       0.000353
9.300000       0.000486
9.310000       0.000621
9.320000       0.000724
9.330000       0.000768
9.340000       0.000742
9.350000       0.000652
9.360000       0.000519
9.370000       0.000374
9.380000       0.000251
9.390000       0.000180
9.400000       0.000176
9.410000       0.000238
9.420000       0.000348
9.430000       0.000478
9.440000       0.000594
9.450000       0.000665
9.460000       0.000673
9.470000       0.000613
9.480000       0.000501
9.490000       0.000363
9.500000       0.000233
9.510000       0.000143
9.520000       0.000117
9.530000       0.000161
9.540000       0.000266
9.550000       0.000409
9.560000       0.000555
9.570000       0.000670
9.580000       0.000727
9.590000       0.000713
9.600000       0.000632
9.610000       0.000504
9.620000       0.000359
9.630000       0.000233
9.640000       0.000155
9.650000       0.000143
9.660000       0.000199
9.670000       0.000307
9.680000       0.000440
9.690000       0.000564
9.700000       0.000647
9.710000       0.000667
9.720000       0.000619
9.730000       0.000514
9.740000       0.000376
9.750000       0.000239
9.760000       0.000136
9.770000       0.000092
9.780000       0.000117
9.790000       0.000206
9.800000       0.000338
9.810000       0.000481
9.820000       0.000600
9.830000       0.000669
9.840000       0.000671
9.850000       0.000607
9.860000       0.000493
9.870000       0.000359
9.880000       0.000237
9.890000       0.000157
9.900000       0.000140
9.910000       0.000189
9.920000       0.000292
9.930000       0.000424
9.940000       0.000553
9.950000       0.000647
9.960000       0.000684
9.970000       0.000655
9.980000       0.000566
9.990000       0.000441
10.000000       0.000309
10.010000       0.000201
10.020000       0.000144
10.030000       0.000148
10.040000       0.000213
10.050000       0.000318
10.060000       0.000437
10.070000       0.000538
10.080000       0.000595
10.090000       0.000591
10.100000       0.000527
10.110000       0.000418
10.120000       0.000289
10.130000       0.000172
10.140000       0.000095
10.150000       0.000077
10.160000       0.000123
10.170000       0.000220
10.180000       0.000345
10.190000       0.000468
10.200000       0.000557
10.210000       0.000590
10.220000       0.000560
10.230000       0.000474
10.240000       0.000352
10.250000       0.000226
10.260000       0.000126
10.270000       0.000077
10.280000       0.000094
10.290000       0.000171
10.300000       0.000291
10.310000       0.000425
10.320000       0.000541
10.330000       0.000609
10.340000       0.000613
10.350000       0.000551
10.360000       0.000436
10.370000       0.000295
10.380000       0.000160
10.390000       0.000063
10.400000       0.000025
10.410000       0.000053
10.420000       0.000138
10.430000       0.000259
10.440000       0.000384
10.450000       0.000482
10.460000       0.000528
10.470000       0.000511
10.480000       0.000435
10.490000       0.000319
10.500000       0.000191
10.510000       0.000083
10.520000       0.000021
10.530000       0.000022
10.540000       0.000083
10.550000       0.000192
10.560000       0.000320
10.570000       0.000437
10.580000       0.000513
10.590000       0.000531
10.600000       0.000485
10.610000       0.000387
10.620000       0.000261
10.630000       0.000139
10.640000       0.000050
10.650000       0.000017
10.660000       0.000049
10.670000       0.000138
10.680000       0.000263
10.690000       0.000395
10.700000       0.000500
10.710000       0.000554
10.720000       0.000542
10.730000       0.000467
10.740000       0.000346
10.750000       0.000207
10.760000       0.000083
10.770000       0.000002
10.780000       -0.000018
10.790000       0.000026
10.800000       0.000123
10.810000       0.000247
10.820000       0.000367
10.830000       0.000454
10.840000       0.000485
10.850000       0.000454
10.860000       0.000368
10.870000       0.000248
10.880000       0.000124
10.890000       0.000026
10.900000       -0.000022
10.910000       -0.000008
10.920000       0.000064
10.930000       0.000177
10.940000       0.000303
10.950000       0.000411
10.960000       0.000475
10.970000       0.000480
10.980000       0.000423
10.990000       0.000320
11.000000       0.000194
11.010000       0.000076
11.020000       -0.000006
11.030000       -0.000033
11.040000       0.000000
11.050000       0.000085
11.060000       0.000198
11.070000       0.000311
11.080000       0.000397
11.090000       0.000433
11.100000       0.000410
11.110000       0.000334
11.120000       0.000225
11.130000       0.000108
11.140000       0.000013
11.150000       -0.000037
11.160000       -0.000029
11.170000       0.000033
11.180000       0.000135
11.190000       0.000251
11.200000       0.000350
11.210000       0.000409
11.220000       0.000412
11.230000       0.000357
11.240000       0.000257
11.250000       0.000136
11.260000       0.000024
11.270000       -0.000052
11.280000       -0.000073
11.290000       -0.000033
11.300000       0.000059
11.310000       0.000181
11.320000       0.000305
11.330000       0.000400
11.340000       0.000445
11.350000       0.000429
11.360000       0.000357
11.370000       0.000247
11.380000       0.000126
11.390000       0.000025
11.400000       -0.000031
11.410000       -0.000029
11.420000       0.000032
11.430000       0.000136
11.440000       0.000258
11.450000       0.000368
11.460000       0.000439
11.470000       0.000452
11.480000       0.000404
11.490000       0.000304
11.500000       0.000177
11.510000       0.000051
11.520000       -0.000044
11.530000       -0.000086
11.540000       -0.000065
11.550000       0.000012
11.560000       0.000126
11.570000       0.000251
11.580000       0.000355
11.590000       0.000415
11.600000       0.000417
11.610000       0.000361
11.620000       0.000262
11.630000       0.000145
11.640000       0.000038
11.650000       -0.000033
11.660000       -0.000051
11.670000       -0.000012
11.680000       0.000073
11.690000       0.000181
11.700000       0.000287
11.710000       0.000362
11.720000       0.000389
11.730000       0.000361
11.740000       0.000285
11.750000       0.000180
11.760000       0.000072
11.770000       -0.000012
11.780000       -0.000050
11.790000       -0.000034
11.800000       0.000033
11.810000       0.000134
11.820000       0.000244
11.830000       0.000335
11.840000       0.000384
11.850000       0.000378
11.860000       0.000318
11.870000       0.000217
11.880000       0.000100
11.890000       -0.000006
11.900000       -0.000075
11.910000       -0.000091
11.920000       -0.000050
11.930000       0.000037
11.940000       0.000149
11.950000       0.000258
11.960000       0.000338
11.970000       0.000367
11.980000       0.000340
11.990000       0.000262
12.000000       0.000153
12.010000       0.000037
12.020000       -0.000055
12.030000       -0.000103
12.040000       -0.000095
12.050000       -0.000034
12.060000       0.000067
12.070000       0.000181
12.080000       0.000280
12.090000       0.000341
12.100000       0.000347
12.110000       0.000299
12.120000       0.000206
12.130000       0.000093
12.140000       -0.000013
12.150000       -0.000087
12.160000       -0.000109
12.170000       -0.000074
12.180000       0.000009
12.190000       0.000121
12.200000       0.000234
12.210000       0.000322
12.220000       0.000363
12.230000       0.000347
12.240000       0.000279
12.250000       0.000174
12.260000       0.000060
12.270000       -0.000037
12.280000       -0.000093
12.290000       -0.000094
12.300000       -0.000041
12.310000       0.000054
12.320000       0.000166
12.330000       0.000268
12.340000       0.000336
12.350000       0.000352
12.360000       0.000313
12.370000       0.000227
12.380000       0.000117
12.390000       0.000007
12.400000       -0.000074
12.410000       -0.000108
12.420000       -0.000086
12.430000       -0.000016
12.440000       0.000087
12.450000       0.000195
12.460000       0.000283
12.470000       0.000328
12.480000       0.000318
12.490000       0.000257
12.500000       0.000158
12.510000       0.000046
12.520000       -0.000052
12.530000       -0.000113
12.540000       -0.000121
12.550000       -0.000075
12.560000       0.000014
12.570000       0.000124
12.580000       0.000230
12.590000       0.000304
12.600000       0.000329
12.610000       0.000299
12.620000       0.000222
12.630000       0.000117
12.640000       0.000010
12.650000       -0.000074
12.660000       -0.000114
12.670000       -0.000100
12.680000       -0.000035
12.690000       0.000063
12.700000       0.000172
12.710000       0.000264
12.720000       0.000316
12.730000       0.000316
12.740000       0.000264
12.750000       0.000171
12.760000       0.000061
12.770000       -0.000040
12.780000       -0.000108
12.790000       -0.000127
12.800000       -0.000093
12.810000       -0.000015
12.820000       0.000087
12.830000       0.000189
12.840000       0.000264
12.850000       0.000294
12.860000       0.000271
12.870000       0.000202
12.880000       0.000102
12.890000       -0.000002
12.900000       -0.000086
12.910000       -0.000129
12.920000       -0.000119
12.930000       -0.000059
12.940000       0.000037
12.950000       0.000147
12.960000       0.000242
12.970000       0.000301
12.980000       0.000309
12.990000       0.000264
13.000000       0.000178
13.010000       0.000070
13.020000       -0.000033
13.030000       -0.000106
13.040000       -0.000131
13.050000       -0.000104
13.060000       -0.000031
13.070000       0.000069
13.080000       0.000172
13.090000       0.000253
13.100000       0.000292
13.110000       0.000279
13.120000       0.000218
13.130000       0.000124
13.140000       0.000020
13.150000       -0.000067
13.160000       -0.000117
13.170000       -0.000116
13.180000       -0.000065
13.190000       0.000025
13.200000       0.000131
13.210000       0.000228
13.220000       0.000293
13.230000       0.000309
13.240000       0.000273
13.250000       0.000193
13.260000       0.000088
13.270000       -0.000018
13.280000       -0.000100
13.290000       -0.000139
13.300000       -0.000127
13.310000       -0.000069
13.320000       0.000019
13.330000       0.000115
13.340000       0.000194
13.350000       0.000237
13.360000       0.000232
13.370000       0.000182
13.380000       0.000099
13.390000       0.000004
13.400000       -0.000079
13.410000       -0.000127
13.420000       -0.000129
13.430000       -0.000084
13.440000       -0.000000
13.450000       0.000100
13.460000       0.000194
13.470000       0.000258
13.480000       0.000277
13.490000       0.000244
13.500000       0.000169
13.510000       0.000069
13.520000       -0.000033
13.530000       -0.000111
13.540000       -0.000148
13.550000       -0.000135
13.560000       -0.000075
13.570000       0.000017
13.580000       0.000118
13.590000       0.000203
13.600000       0.000253
13.610000       0.000254
13.620000       0.000208
13.630000       0.000125
13.640000       0.000027
13.650000       -0.000063
13.660000       -0.000122
13.670000       -0.000136
13.680000       -0.000100
13.690000       -0.000025
13.700000       0.000072
13.710000       0.000167
13.720000       0.000238
13.730000       0.000266
13.740000       0.000246
13.750000       0.000182
13.760000       0.000090
13.770000       -0.000006
13.780000       -0.000084
13.790000       -0.000125
13.800000       -0.000119
13.810000       -0.000068
13.820000       0.000015
13.830000       0.000109
13.840000       0.000191
13.850000       0.000240
13.860000       0.000244
13.870000       0.000202
13.880000       0.000124
13.890000       0.000029
13.900000       -0.000058
13.910000       -0.000117
13.920000       -0.000132
13.930000       -0.000099
13.940000       -0.000027
13.950000       0.000067
13.960000       0.000161
13.970000       0.000230
13.980000       0.000257
13.990000       0.000236
14.000000       0.000171
14.010000       0.000078
14.020000       -0.000022
14.030000       -0.000104
14.040000       -0.000148
14.050000       -0.000143
14.060000       -0.000091
14.070000       -0.000003
14.080000       0.000099
14.090000       0.000191
14.100000       0.000250
14.110000       0.000262
14.120000       0.000225
14.130000       0.000147
14.140000       0.000047
14.150000       -0.000051
14.160000       -0.000124
14.170000       -0.000156
14.180000       -0.000138
14.190000       -0.000076
14.200000       0.000013
14.210000       0.000109
14.220000       0.000187
14.230000       0.000228
14.240000       0.000223
14.250000       0.000173
14.260000       0.000091
14.270000       -0.000002
14.280000       -0.000084
14.290000       -0.000133
14.300000       -0.000138
14.310000       -0.000097
14.320000       -0.000019
14.330000       0.000075
14.340000       0.000164
14.350000       0.000226
14.360000       0.000245
14.370000       0.000217
14.380000       0.000149
14.390000       0.000057
14.400000       -0.000035
14.410000       -0.000107
14.420000       -0.000139
14.430000       -0.000125
14.440000       -0.000067
14.450000       0.000018
14.460000       0.000112
14.470000       0.000190
14.480000       0.000234
14.490000       0.000232
14.500000       0.000187
14.510000       0.000108
14.520000       0.000015
14.530000       -0.000068
14.540000       -0.000121
14.550000       -0.000132
14.560000       -0.000097
14.570000       -0.000025
14.580000       0.000066
14.590000       0.000153
14.600000       0.000216
14.610000       0.000238
14.620000       0.000213
14.630000       0.000148
14.640000       0.000057
14.650000       -0.000037
14.660000       -0.000112
14.670000       -0.000149
14.680000       -0.000140
14.690000       -0.000086
14.700000       -0.000002
14.710000       0.000092
14.720000       0.000174
14.730000       0.000223
14.740000       0.000227
14.750000       0.000186
14.760000       0.000109
14.770000       0.000015
14.780000       -0.000073
14.790000       -0.000134
14.800000       -0.000153
14.810000       -0.000126
14.820000       -0.000060
14.830000       0.000030
14.840000       0.000121
14.850000       0.000191
14.860000       0.000224
14.870000       0.000210
14.880000       0.000155
14.890000       0.000071
14.900000       -0.000021
14.910000       -0.000099
14.920000       -0.000144
14.930000       -0.000145
14.940000       -0.000102
14.950000       -0.000026
14.960000       0.000063
14.970000       0.000145
14.980000       0.000198
14.990000       0.000211
15.000000       0.000179
15.010000       0.000112
15.020000       0.000026
15.030000       -0.000059
15.040000       -0.000120
15.050000       -0.000144
15.060000       -0.000123
15.070000       -0.000064
15.080000       0.000018
15.090000       0.000104
15.100000       0.000172
15.110000       0.000204
15.120000       0.000194
15.130000       0.000142
15.140000       0.000062
15.150000       -0.000028
15.160000       -0.000104
15.170000       -0.000149
15.180000       -0.000151
15.190000       -0.000110
15.200000       -0.000036
15.210000       0.000054
15.220000       0.000137
15.230000       0.000194
15.240000       0.000211
15.250000       0.000184
15.260000       0.000119
15.270000       0.000033
15.280000       -0.000053
15.290000       -0.000119
15.300000       -0.000147
15.310000       -0.000133
15.320000       -0.000078
15.330000       0.000003
15.340000       0.000090
15.350000       0.000161
15.360000       0.000200
15.370000       0.000196
15.380000       0.000151
15.390000       0.000075
15.400000       -0.000012
15.410000       -0.000090
15.420000       -0.000139
15.430000       -0.000147
15.440000       -0.000113
15.450000       -0.000044
15.460000       0.000043
15.470000       0.000126
15.480000       0.000185
15.490000       0.000205
15.500000       0.000181
15.510000       0.000120
15.520000       0.000036
15.530000       -0.000050
15.540000       -0.000118
15.550000       -0.000150
15.560000       -0.000138
15.570000       -0.000086
15.580000       -0.000005
15.590000       0.000084
15.600000       0.000160
15.610000       0.000205
15.620000       0.000208
15.630000       0.000168
15.640000       0.000094
15.650000       0.000006
15.660000       -0.000076
15.670000       -0.000132
15.680000       -0.000148
15.690000       -0.000121
15.700000       -0.000056
15.710000       0.000029
15.720000       0.000115
15.730000       0.000179
15.740000       0.000207
15.750000       0.000192
15.760000       0.000137
15.770000       0.000056
15.780000       -0.000032
15.790000       -0.000105
15.800000       -0.000146
15.810000       -0.000144
15.820000       -0.000101
15.830000       -0.000027
15.840000       0.000060
15.850000       0.000139
15.860000       0.000189
15.870000       0.000200
15.880000       0.000168
15.890000       0.000102
15.900000       0.000018
15.910000       -0.000064
15.920000       -0.000124
15.930000       -0.000147
15.940000       -0.000127
15.950000       -0.000070
15.960000       0.000010
15.970000       0.000094
15.980000       0.000160
15.990000       0.000194
16.000000       0.000187
16.010000       0.000140
16.020000       0.000066
16.030000       -0.000018
16.040000       -0.000091
16.050000       -0.000135
16.060000       -0.000139
16.070000       -0.000103
16.080000       -0.000036
16.090000       0.000045
16.100000       0.000120
16.110000       0.000171
16.120000       0.000185
16.130000       0.000158
16.140000       0.000097
16.150000       0.000017
16.160000       -0.000063
16.170000       -0.000123
16.180000       -0.000148
16.190000       -0.000132
16.200000       -0.000079
16.210000       -0.000002
16.220000       0.000081
16.230000       0.000148
16.240000       0.000184
16.250000       0.000180
16.260000       0.000137
16.270000       0.000065
16.280000       -0.000017
16.290000       -0.000090
16.300000       -0.000136
16.310000       -0.000144
16.320000       -0.000112
16.330000       -0.000048
16.340000       0.000033
16.350000       0.000109
16.360000       0.000164
16.370000       0.000182
16.380000       0.000159
16.390000       0.000102
16.400000       0.000024
16.410000       -0.000056
16.420000       -0.000118
16.430000       -0.000147
16.440000       -0.000136
16.450000       -0.000087
16.460000       -0.000012
16.470000       0.000070
16.480000       0.000140
16.490000       0.000180
16.500000       0.000181
16.510000       0.000143
16.520000       0.000074
16.530000       -0.000007
16.540000       -0.000081
16.550000       -0.000130
16.560000       -0.000142
16.570000       -0.000114
16.580000       -0.000052
16.590000       0.000027
16.600000       0.000105
16.610000       0.000162
16.620000       0.000184
16.630000       0.000166
16.640000       0.000110
16.650000       0.000032
16.660000       -0.000051
16.670000       -0.000119
16.680000       -0.000154
16.690000       -0.000149
16.700000       -0.000105
16.710000       -0.000033
16.720000       0.000051
16.730000       0.000125
16.740000       0.000172
16.750000       0.000181
16.760000       0.000150
16.770000       0.000087
16.780000       0.000008
16.790000       -0.000067
16.800000       -0.000121
16.810000       -0.000139
16.820000       -0.000118
16.830000       -0.000062
16.840000       0.000014
16.850000       0.000092
16.860000       0.000153
16.870000       0.000181
16.880000       0.000169
16.890000       0.000120
16.900000       0.000047
16.910000       -0.000034
16.920000       -0.000103
16.930000       -0.000143
16.940000       -0.000144
16.950000       -0.000107
16.960000       -0.000040
16.970000       0.000040
16.980000       0.000113
16.990000       0.000161
17.000000       0.000173
17.010000       0.000145
17.020000       0.000085
17.030000       0.000006
17.040000       -0.000071
17.050000       -0.000128
17.060000       -0.000151
17.070000       -0.000135
17.080000       -0.000083
17.090000       -0.000009
17.100000       0.000070
17.110000       0.000134
17.120000       0.000166
17.130000       0.000160
17.140000       0.000117
17.150000       0.000046
17.160000       -0.000034
17.170000       -0.000105
17.180000       -0.000149
17.190000       -0.000155
17.200000       -0.000121
17.210000       -0.000057
17.220000       0.000023
17.230000       0.000099
17.240000       0.000153
17.250000       0.000172
17.260000       0.000151
17.270000       0.000097
17.280000       0.000022
17.290000       -0.000055
17.300000       -0.000115
17.310000       -0.000143
17.320000       -0.000133
17.330000       -0.000086
17.340000       -0.000015
17.350000       0.000064
17.360000       0.000130
17.370000       0.000169
17.380000       0.000170
17.390000       0.000134
17.400000       0.000069
17.410000       -0.000008
17.420000       -0.000079
17.430000       -0.000127
17.440000       -0.000139
17.450000       -0.000113
17.460000       -0.000055
17.470000       0.000020
17.480000       0.000093
17.490000       0.000148
17.500000       0.000169
17.510000       0.000153
17.520000       0.000102
17.530000       0.000030
17.540000       -0.000047
17.550000       -0.000109
17.560000       -0.000141
17.570000       -0.000136
17.580000       -0.000094
17.590000       -0.000027
17.600000       0.000049
17.610000       0.000116
17.620000       0.000157
17.630000       0.000162
17.640000       0.000129
17.650000       0.000067
17.660000       -0.000009
17.670000       -0.000081
17.680000       -0.000132
17.690000       -0.000148
17.700000       -0.000126
17.710000       -0.000072
17.720000       0.000002
17.730000       0.000076
17.740000       0.000133
17.750000       0.000159
17.760000       0.000147
17.770000       0.000101
17.780000       0.000031
17.790000       -0.000045
17.800000       -0.000108
17.810000       -0.000143
17.820000       -0.000142
17.830000       -0.000103
17.840000       -0.000038
17.850000       0.000039
17.860000       0.000108
17.870000       0.000153
17.880000       0.000163
17.890000       0.000135
17.900000       0.000076
17.910000       0.000001
17.920000       -0.000073
17.930000       -0.000127
17.940000       -0.000147
17.950000       -0.000130
17.960000       -0.000079
17.970000       -0.000007
17.980000       0.000069
17.990000       0.000130
18.000000       0.000161
18.010000       0.000155
18.020000       0.000112
18.030000       0.000044
18.040000       -0.000032
18.050000       -0.000100
18.060000       -0.000141
18.070000       -0.000146
18.080000       -0.000114
18.090000       -0.000052
18.100000       0.000024
18.110000       0.000095
18.120000       0.000145
18.130000       0.000161
18.140000       0.000139
18.150000       0.000085
18.160000       0.000012
18.170000       -0.000063
18.180000       -0.000121
18.190000       -0.000148
18.200000       -0.000138
18.210000       -0.000093
18.220000       -0.000025
18.230000       0.000050
18.240000       0.000112
18.250000       0.000148
18.260000       0.000148
18.270000       0.000112
18.280000       0.000049
18.290000       -0.000025
18.300000       -0.000092
18.310000       -0.000136
18.320000       -0.000145
18.330000       -0.000118
18.340000       -0.000061
18.350000       0.000013
18.360000       0.000085
18.370000       0.000138
18.380000       0.000159
18.390000       0.000142
18.400000       0.000093
18.410000       0.000022
18.420000       -0.000052
18.430000       -0.000112
18.440000       -0.000142
18.450000       -0.000137
18.460000       -0.000096
18.470000       -0.000031
18.480000       0.000044
18.490000       0.000109
18.500000       0.000150
18.510000       0.000155
18.520000       0.000125
18.530000       0.000065
18.540000       -0.000008
18.550000       -0.000078
18.560000       -0.000126
18.570000       -0.000143
18.580000       -0.000123
18.590000       -0.000071
18.600000       -0.000002
18.610000       0.000069
18.620000       0.000124
18.630000       0.000149
18.640000       0.000139
18.650000       0.000095
18.660000       0.000029
18.670000       -0.000044
18.680000       -0.000104
18.690000       -0.000138
18.700000       -0.000138
18.710000       -0.000102
18.720000       -0.000041
18.730000       0.000031
18.740000       0.000097
18.750000       0.000139
18.760000       0.000149
18.770000       0.000123
18.780000       0.000068
18.790000       -0.000003
18.800000       -0.000071
18.810000       -0.000121
18.820000       -0.000139
18.830000       -0.000121
18.840000       -0.000072
18.850000       -0.000003
18.860000       0.000069
18.870000       0.000126
18.880000       0.000155
18.890000       0.000149
18.900000       0.000108
18.910000       0.000043
18.920000       -0.000030
18.930000       -0.000094
18.940000       -0.000133
18.950000       -0.000138
18.960000       -0.000107
18.970000       -0.000050
18.980000       0.000021
18.990000       0.000087
19.000000       0.000133
19.010000       0.000147
19.020000       0.000125
19.030000       0.000074
19.040000       0.000004
19.050000       -0.000066
19.060000       -0.000119
19.070000       -0.000142
19.080000       -0.000130
19.090000       -0.000086
19.100000       -0.000019
19.110000       0.000053
19.120000       0.000113
19.130000       0.000147
19.140000       0.000146
19.150000       0.000111
19.160000       0.000050
19.170000       -0.000021
19.180000       -0.000086
19.190000       -0.000129
19.200000       -0.000139
19.210000       -0.000114
19.220000       -0.000060
19.230000       0.000009
19.240000       0.000077
19.250000       0.000126
19.260000       0.000145
19.270000       0.000129
19.280000       0.000082
19.290000       0.000015
19.300000       -0.000054
19.310000       -0.000110
19.320000       -0.000138
19.330000       -0.000132
19.340000       -0.000093
19.350000       -0.000030
19.360000       0.000040
19.370000       0.000101
19.380000       0.000138
19.390000       0.000141
19.400000       0.000111
19.410000       0.000055
19.420000       -0.000015
19.430000       -0.000079
19.440000       -0.000124
19.450000       -0.000137
19.460000       -0.000116
19.470000       -0.000065
19.480000       0.000002
19.490000       0.000070
19.500000       0.000122
19.510000       0.000145
19.520000       0.000133
19.530000       0.000090
19.540000       0.000025
19.550000       -0.000044
19.560000       -0.000102
19.570000       -0.000133
19.580000       -0.000131
19.590000       -0.000096
19.600000       -0.000037
19.610000       0.000033
19.620000       0.000096
19.630000       0.000136
19.640000       0.000144
19.650000       0.000118
19.660000       0.000065
19.670000       -0.000003
19.680000       -0.000069
19.690000       -0.000117
19.700000       -0.000134
19.710000       -0.000118
19.720000       -0.000071
19.730000       -0.000006
19.740000       0.000062
19.750000       0.000116
19.760000       0.000143
19.770000       0.000135
19.780000       0.000096
19.790000       0.000033
19.800000       -0.000037
19.810000       -0.000097
19.820000       -0.000133
19.830000       -0.000137
19.840000       -0.000107
19.850000       -0.000051
19.860000       0.000018
19.870000       0.000083
19.880000       0.000127
19.890000       0.000141
19.900000       0.000121
19.910000       0.000072
19.920000       0.000006
19.930000       -0.000060
19.940000       -0.000110
19.950000       -0.000133
19.960000       -0.000122
19.970000       -0.000080
19.980000       -0.000017
19.990000       0.000050
