# w,    rate k
0.000000       0.223392
0.010000       0.221972
0.020000       0.217433
0.030000       0.209888
0.040000       0.199525
0.050000       0.186595
0.060000       0.171412
0.070000       0.154341
0.080000       0.135785
0.090000       0.116181
0.100000       0.095978
0.110000       0.075633
0.120000       0.055593
0.130000       0.036285
0.140000       0.018106
0.150000       0.001409
0.160000       -0.013503
0.170000       -0.026385
0.180000       -0.037055
0.190000       -0.045397
0.200000       -0.051366
0.210000       -0.054980
0.220000       -0.056323
0.230000       -0.055540
0.240000       -0.052827
0.250000       -0.048426
0.260000       -0.042616
0.270000       -0.035703
0.280000       -0.028006
0.290000       -0.019853
0.300000       -0.011564
0.310000       -0.003446
0.320000       0.004220
0.330000       0.011182
0.340000       0.017232
0.350000       0.022201
0.360000       0.025970
0.370000       0.028470
0.380000       0.029681
0.390000       0.029629
0.400000       0.028389
0.410000       0.026071
0.420000       0.022825
0.430000       0.018823
0.440000       0.014260
0.450000       0.009344
0.460000       0.004282
0.470000       -0.000717
0.480000       -0.005461
0.490000       -0.009773
0.500000       -0.013503
0.510000       -0.016529
0.520000       -0.018761
0.530000       -0.020147
0.540000       -0.020667
0.550000       -0.020339
0.560000       -0.019214
0.570000       -0.017370
0.580000       -0.014915
0.590000       -0.011974
0.600000       -0.008688
0.610000       -0.005207
0.620000       -0.001680
0.630000       0.001745
0.640000       0.004935
0.650000       0.007770
0.660000       0.010153
0.670000       0.012014
0.680000       0.013308
0.690000       0.014023
0.700000       0.014174
0.710000       0.013810
0.720000       0.013004
0.730000       0.011857
0.740000       0.010487
0.750000       0.009030
0.760000       0.007634
0.770000       0.006447
0.780000       0.005620
0.790000       0.005292
0.800000       0.005591
0.810000       0.006625
0.820000       0.008479
0.830000       0.011210
0.840000       0.014843
0.850000       0.019374
0.860000       0.024763
0.870000       0.030940
0.880000       0.037805
0.890000       0.045228
0.900000       0.053056
0.910000       0.061119
0.920000       0.069230
0.930000       0.077196
0.940000       0.084823
0.950000       0.091919
0.960000       0.098305
0.970000       0.103816
0.980000       0.108310
0.990000       0.111671
1.000000       0.113812
1.010000       0.114676
1.020000       0.114244
1.030000       0.112528
1.040000       0.109573
1.050000       0.105458
1.060000       0.100289
1.070000       0.094198
1.080000       0.087337
1.090000       0.079876
1.100000       0.071993
1.110000       0.063872
1.120000       0.055697
1.130000       0.047643
1.140000       0.039877
1.150000       0.032548
1.160000       0.025784
1.170000       0.019693
1.180000       0.014353
1.190000       0.009819
1.200000       0.006115
1.210000       0.003242
1.220000       0.001171
1.230000       -0.000146
1.240000       -0.000782
1.250000       -0.000823
1.260000       -0.000370
1.270000       0.000467
1.280000       0.001575
1.290000       0.002840
1.300000       0.004153
1.310000       0.005412
1.320000       0.006527
1.330000       0.007424
1.340000       0.008042
1.350000       0.008340
1.360000       0.008296
1.370000       0.007905
1.380000       0.007182
1.390000       0.006155
1.400000       0.004869
1.410000       0.003380
1.420000       0.001752
1.430000       0.000055
1.440000       -0.001637
1.450000       -0.003253
1.460000       -0.004726
1.470000       -0.005993
1.480000       -0.007005
1.490000       -0.007719
1.500000       -0.008109
1.510000       -0.008162
1.520000       -0.007877
1.530000       -0.007269
1.540000       -0.006365
1.550000       -0.005205
1.560000       -0.003836
1.570000       -0.002314
1.580000       -0.000702
1.590000       0.000938
1.600000       0.002542
1.610000       0.004051
1.620000       0.005410
1.630000       0.006572
1.640000       0.007500
1.650000       0.008168
1.660000       0.008564
1.670000       0.008686
1.680000       0.008546
1.690000       0.008168
1.700000       0.007588
1.710000       0.006850
1.720000       0.006007
1.730000       0.005117
1.740000       0.004241
1.750000       0.003441
1.760000       0.002777
1.770000       0.002305
1.780000       0.002073
1.790000       0.002122
1.800000       0.002482
1.810000       0.003172
1.820000       0.004198
1.830000       0.005552
1.840000       0.007217
1.850000       0.009162
1.860000       0.011344
1.870000       0.013712
1.880000       0.016209
1.890000       0.018769
1.900000       0.021327
1.910000       0.023815
1.920000       0.026167
1.930000       0.028320
1.940000       0.030219
1.950000       0.031817
1.960000       0.033076
1.970000       0.033967
1.980000       0.034477
1.990000       0.034600
2.000000       0.034345
2.010000       0.033732
2.020000       0.032790
2.030000       0.031558
2.040000       0.030083
2.050000       0.028415
2.060000       0.026612
2.070000       0.024728
2.080000       0.022822
2.090000       0.020945
2.100000       0.019147
2.110000       0.017471
2.120000       0.015951
2.130000       0.014614
2.140000       0.013478
2.150000       0.012550
2.160000       0.011827
2.170000       0.011300
2.180000       0.010948
2.190000       0.010747
2.200000       0.010664
2.210000       0.010663
2.220000       0.010706
2.230000       0.010755
2.240000       0.010772
2.250000       0.010722
2.260000       0.010575
2.270000       0.010307
2.280000       0.009899
2.290000       0.009341
2.300000       0.008631
2.310000       0.007774
2.320000       0.006782
2.330000       0.005677
2.340000       0.004484
2.350000       0.003234
2.360000       0.001962
2.370000       0.000706
2.380000       -0.000497
2.390000       -0.001610
2.400000       -0.002599
2.410000       -0.003433
2.420000       -0.004089
2.430000       -0.004546
2.440000       -0.004794
2.450000       -0.004828
2.460000       -0.004652
2.470000       -0.004278
2.480000       -0.003724
2.490000       -0.003016
2.500000       -0.002183
2.510000       -0.001262
2.520000       -0.000289
2.530000       0.000697
2.540000       0.001655
2.550000       0.002549
2.560000       0.003344
2.570000       0.004011
2.580000       0.004525
2.590000       0.004868
2.600000       0.005030
2.610000       0.005008
2.620000       0.004805
2.630000       0.004435
2.640000       0.003915
2.650000       0.003271
2.660000       0.002532
2.670000       0.001732
2.680000       0.000907
2.690000       0.000094
2.700000       -0.000670
2.710000       -0.001350
2.720000       -0.001914
2.730000       -0.002337
2.740000       -0.002596
2.750000       -0.002676
2.760000       -0.002571
2.770000       -0.002277
2.780000       -0.001804
2.790000       -0.001162
2.800000       -0.000374
2.810000       0.000536
2.820000       0.001539
2.830000       0.002599
2.840000       0.003682
2.850000       0.004752
2.860000       0.005773
2.870000       0.006712
2.880000       0.007538
2.890000       0.008226
2.900000       0.008756
2.910000       0.009114
2.920000       0.009292
2.930000       0.009290
2.940000       0.009114
2.950000       0.008776
2.960000       0.008296
2.970000       0.007697
2.980000       0.007005
2.990000       0.006253
3.000000       0.005472
3.010000       0.004695
3.020000       0.003953
3.030000       0.003276
3.040000       0.002689
3.050000       0.002216
3.060000       0.001871
3.070000       0.001665
3.080000       0.001604
3.090000       0.001685
3.100000       0.001901
3.110000       0.002237
3.120000       0.002675
3.130000       0.003192
3.140000       0.003760
3.150000       0.004352
3.160000       0.004937
3.170000       0.005485
3.180000       0.005969
3.190000       0.006363
3.200000       0.006644
3.210000       0.006796
3.220000       0.006806
3.230000       0.006667
3.240000       0.006379
3.250000       0.005947
3.260000       0.005383
3.270000       0.004703
3.280000       0.003929
3.290000       0.003085
3.300000       0.002199
3.310000       0.001301
3.320000       0.000421
3.330000       -0.000411
3.340000       -0.001167
3.350000       -0.001823
3.360000       -0.002358
3.370000       -0.002756
3.380000       -0.003004
3.390000       -0.003099
3.400000       -0.003040
3.410000       -0.002834
3.420000       -0.002492
3.430000       -0.002032
3.440000       -0.001475
3.450000       -0.000846
3.460000       -0.000172
3.470000       0.000519
3.480000       0.001196
3.490000       0.001833
3.500000       0.002402
3.510000       0.002881
3.520000       0.003251
3.530000       0.003495
3.540000       0.003606
3.550000       0.003579
3.560000       0.003416
3.570000       0.003123
3.580000       0.002713
3.590000       0.002203
3.600000       0.001614
3.610000       0.000970
3.620000       0.000297
3.630000       -0.000377
3.640000       -0.001026
3.650000       -0.001623
3.660000       -0.002144
3.670000       -0.002568
3.680000       -0.002879
3.690000       -0.003064
3.700000       -0.003115
3.710000       -0.003030
3.720000       -0.002813
3.730000       -0.002472
3.740000       -0.002021
3.750000       -0.001476
3.760000       -0.000860
3.770000       -0.000196
3.780000       0.000491
3.790000       0.001173
3.800000       0.001825
3.810000       0.002422
3.820000       0.002941
3.830000       0.003364
3.840000       0.003675
3.850000       0.003863
3.860000       0.003923
3.870000       0.003853
3.880000       0.003659
3.890000       0.003349
3.900000       0.002938
3.910000       0.002442
3.920000       0.001883
3.930000       0.001285
3.940000       0.000671
3.950000       0.000068
3.960000       -0.000501
3.970000       -0.001013
3.980000       -0.001446
3.990000       -0.001784
4.000000       -0.002013
4.010000       -0.002126
4.020000       -0.002116
4.030000       -0.001987
4.040000       -0.001743
4.050000       -0.001394
4.060000       -0.000956
4.070000       -0.000446
4.080000       0.000115
4.090000       0.000703
4.100000       0.001295
4.110000       0.001866
4.120000       0.002394
4.130000       0.002857
4.140000       0.003236
4.150000       0.003515
4.160000       0.003684
4.170000       0.003735
4.180000       0.003665
4.190000       0.003478
4.200000       0.003180
4.210000       0.002782
4.220000       0.002300
4.230000       0.001753
4.240000       0.001161
4.250000       0.000547
4.260000       -0.000066
4.270000       -0.000653
4.280000       -0.001193
4.290000       -0.001666
4.300000       -0.002054
4.310000       -0.002343
4.320000       -0.002523
4.330000       -0.002589
4.340000       -0.002538
4.350000       -0.002375
4.360000       -0.002107
4.370000       -0.001746
4.380000       -0.001308
4.390000       -0.000812
4.400000       -0.000277
4.410000       0.000274
4.420000       0.000818
4.430000       0.001333
4.440000       0.001799
4.450000       0.002196
4.460000       0.002509
4.470000       0.002725
4.480000       0.002835
4.490000       0.002836
4.500000       0.002727
4.510000       0.002513
4.520000       0.002203
4.530000       0.001809
4.540000       0.001347
4.550000       0.000836
4.560000       0.000295
4.570000       -0.000252
4.580000       -0.000786
4.590000       -0.001284
4.600000       -0.001728
4.610000       -0.002099
4.620000       -0.002383
4.630000       -0.002570
4.640000       -0.002652
4.650000       -0.002627
4.660000       -0.002496
4.670000       -0.002264
4.680000       -0.001942
4.690000       -0.001542
4.700000       -0.001080
4.710000       -0.000575
4.720000       -0.000048
4.730000       0.000481
4.740000       0.000991
4.750000       0.001462
4.760000       0.001875
4.770000       0.002214
4.780000       0.002467
4.790000       0.002623
4.800000       0.002677
4.810000       0.002627
4.820000       0.002476
4.830000       0.002231
4.840000       0.001901
4.850000       0.001500
4.860000       0.001045
4.870000       0.000555
4.880000       0.000048
4.890000       -0.000455
4.900000       -0.000934
4.910000       -0.001369
4.920000       -0.001743
4.930000       -0.002043
4.940000       -0.002255
4.950000       -0.002372
4.960000       -0.002390
4.970000       -0.002308
4.980000       -0.002130
4.990000       -0.001862
5.000000       -0.001517
5.010000       -0.001108
5.020000       -0.000652
5.030000       -0.000167
5.040000       0.000328
5.050000       0.000813
5.060000       0.001268
5.070000       0.001676
5.080000       0.002021
5.090000       0.002288
5.100000       0.002468
5.110000       0.002554
5.120000       0.002543
5.130000       0.002435
5.140000       0.002234
5.150000       0.001950
5.160000       0.001594
5.170000       0.001180
5.180000       0.000725
5.190000       0.000246
5.200000       -0.000236
5.210000       -0.000704
5.220000       -0.001138
5.230000       -0.001522
5.240000       -0.001841
5.250000       -0.002082
5.260000       -0.002236
5.270000       -0.002297
5.280000       -0.002264
5.290000       -0.002138
5.300000       -0.001926
5.310000       -0.001635
5.320000       -0.001277
5.330000       -0.000868
5.340000       -0.000424
5.350000       0.000037
5.360000       0.000497
5.370000       0.000937
5.380000       0.001340
5.390000       0.001690
5.400000       0.001972
5.410000       0.002176
5.420000       0.002294
5.430000       0.002322
5.440000       0.002258
5.450000       0.002105
5.460000       0.001870
5.470000       0.001563
5.480000       0.001195
5.490000       0.000781
5.500000       0.000339
5.510000       -0.000115
5.520000       -0.000561
5.530000       -0.000984
5.540000       -0.001365
5.550000       -0.001690
5.560000       -0.001947
5.570000       -0.002124
5.580000       -0.002216
5.590000       -0.002220
5.600000       -0.002134
5.610000       -0.001964
5.620000       -0.001716
5.630000       -0.001400
5.640000       -0.001030
5.650000       -0.000619
5.660000       -0.000185
5.670000       0.000255
5.680000       0.000683
5.690000       0.001083
5.700000       0.001439
5.710000       0.001737
5.720000       0.001964
5.730000       0.002113
5.740000       0.002177
5.750000       0.002155
5.760000       0.002048
5.770000       0.001859
5.780000       0.001598
5.790000       0.001274
5.800000       0.000901
5.810000       0.000494
5.820000       0.000069
5.830000       -0.000358
5.840000       -0.000768
5.850000       -0.001145
5.860000       -0.001476
5.870000       -0.001746
5.880000       -0.001946
5.890000       -0.002067
5.900000       -0.002104
5.910000       -0.002058
5.920000       -0.001929
5.930000       -0.001724
5.940000       -0.001450
5.950000       -0.001119
5.960000       -0.000744
5.970000       -0.000340
5.980000       0.000077
5.990000       0.000490
6.000000       0.000882
6.010000       0.001238
6.020000       0.001545
6.030000       0.001789
6.040000       0.001962
6.050000       0.002057
6.060000       0.002071
6.070000       0.002002
6.080000       0.001854
6.090000       0.001634
6.100000       0.001350
6.110000       0.001014
6.120000       0.000638
6.130000       0.000240
6.140000       -0.000167
6.150000       -0.000565
6.160000       -0.000939
6.170000       -0.001274
6.180000       -0.001557
6.190000       -0.001776
6.200000       -0.001923
6.210000       -0.001993
6.220000       -0.001984
6.230000       -0.001894
6.240000       -0.001730
6.250000       -0.001497
6.260000       -0.001204
6.270000       -0.000864
6.280000       -0.000491
6.290000       -0.000099
6.300000       0.000296
6.310000       0.000679
6.320000       0.001033
6.330000       0.001345
6.340000       0.001603
6.350000       0.001797
6.360000       0.001919
6.370000       0.001964
6.380000       0.001931
6.390000       0.001822
6.400000       0.001640
6.410000       0.001394
6.420000       0.001094
6.430000       0.000751
6.440000       0.000379
6.450000       -0.000007
6.460000       -0.000391
6.470000       -0.000758
6.480000       -0.001093
6.490000       -0.001385
6.500000       -0.001620
6.510000       -0.001789
6.520000       -0.001887
6.530000       -0.001910
6.540000       -0.001856
6.550000       -0.001729
6.560000       -0.001533
6.570000       -0.001277
6.580000       -0.000971
6.590000       -0.000627
6.600000       -0.000259
6.610000       0.000118
6.620000       0.000490
6.630000       0.000841
6.640000       0.001157
6.650000       0.001426
6.660000       0.001638
6.670000       0.001784
6.680000       0.001858
6.690000       0.001858
6.700000       0.001785
6.710000       0.001640
6.720000       0.001431
6.730000       0.001165
6.740000       0.000854
6.750000       0.000510
6.760000       0.000146
6.770000       -0.000222
6.780000       -0.000580
6.790000       -0.000915
6.800000       -0.001211
6.810000       -0.001459
6.820000       -0.001648
6.830000       -0.001771
6.840000       -0.001823
6.850000       -0.001802
6.860000       -0.001709
6.870000       -0.001549
6.880000       -0.001328
6.890000       -0.001054
6.900000       -0.000739
6.910000       -0.000396
6.920000       -0.000038
6.930000       0.000321
6.940000       0.000666
6.950000       0.000983
6.960000       0.001261
6.970000       0.001487
6.980000       0.001654
6.990000       0.001754
7.000000       0.001784
7.010000       0.001744
7.020000       0.001634
7.030000       0.001459
7.040000       0.001227
7.050000       0.000946
7.060000       0.000629
7.070000       0.000288
7.080000       -0.000064
7.090000       -0.000412
7.100000       -0.000743
7.110000       -0.001043
7.120000       -0.001301
7.130000       -0.001506
7.140000       -0.001651
7.150000       -0.001730
7.160000       -0.001739
7.170000       -0.001680
7.180000       -0.001553
7.190000       -0.001365
7.200000       -0.001123
7.210000       -0.000838
7.220000       -0.000519
7.230000       -0.000181
7.240000       0.000163
7.250000       0.000500
7.260000       0.000817
7.270000       0.001100
7.280000       0.001338
7.290000       0.001522
7.300000       0.001646
7.310000       0.001703
7.320000       0.001693
7.330000       0.001615
7.340000       0.001473
7.350000       0.001273
7.360000       0.001023
7.370000       0.000733
7.380000       0.000414
7.390000       0.000080
7.400000       -0.000257
7.410000       -0.000582
7.420000       -0.000883
7.430000       -0.001149
7.440000       -0.001368
7.450000       -0.001531
7.460000       -0.001634
7.470000       -0.001671
7.480000       -0.001642
7.490000       -0.001547
7.500000       -0.001391
7.510000       -0.001180
7.520000       -0.000923
7.530000       -0.000630
7.540000       -0.000312
7.550000       0.000017
7.560000       0.000345
7.570000       0.000658
7.580000       0.000944
7.590000       0.001191
7.600000       0.001391
7.610000       0.001535
7.620000       0.001617
7.630000       0.001635
7.640000       0.001587
7.650000       0.001476
7.660000       0.001307
7.670000       0.001087
7.680000       0.000823
7.690000       0.000528
7.700000       0.000212
7.710000       -0.000111
7.720000       -0.000429
7.730000       -0.000730
7.740000       -0.001000
7.750000       -0.001230
7.760000       -0.001410
7.770000       -0.001534
7.780000       -0.001597
7.790000       -0.001595
7.800000       -0.001531
7.810000       -0.001405
7.820000       -0.001224
7.830000       -0.000995
7.840000       -0.000727
7.850000       -0.000430
7.860000       -0.000117
7.870000       0.000200
7.880000       0.000508
7.890000       0.000795
7.900000       0.001049
7.910000       0.001261
7.920000       0.001423
7.930000       0.001527
7.940000       0.001570
7.950000       0.001551
7.960000       0.001470
7.970000       0.001331
7.980000       0.001139
7.990000       0.000902
8.000000       0.000630
8.010000       0.000333
8.020000       0.000024
8.030000       -0.000285
8.040000       -0.000582
8.050000       -0.000856
8.060000       -0.001094
8.070000       -0.001289
8.080000       -0.001431
8.090000       -0.001517
8.100000       -0.001541
8.110000       -0.001505
8.120000       -0.001408
8.130000       -0.001256
8.140000       -0.001054
8.150000       -0.000811
8.160000       -0.000536
8.170000       -0.000240
8.180000       0.000064
8.190000       0.000365
8.200000       0.000651
8.210000       0.000910
8.220000       0.001133
8.230000       0.001309
8.240000       0.001434
8.250000       0.001500
8.260000       0.001507
8.270000       0.001454
8.280000       0.001343
8.290000       0.001179
8.300000       0.000968
8.310000       0.000720
8.320000       0.000443
8.330000       0.000149
8.340000       -0.000150
8.350000       -0.000442
8.360000       -0.000716
8.370000       -0.000961
8.380000       -0.001167
8.390000       -0.001326
8.400000       -0.001432
8.410000       -0.001481
8.420000       -0.001471
8.430000       -0.001402
8.440000       -0.001277
8.450000       -0.001102
8.460000       -0.000884
8.470000       -0.000631
8.480000       -0.000353
8.490000       -0.000062
8.500000       0.000231
8.510000       0.000514
8.520000       0.000775
8.530000       0.001006
8.540000       0.001195
8.550000       0.001337
8.560000       0.001425
8.570000       0.001456
8.580000       0.001429
8.590000       0.001346
8.600000       0.001209
8.610000       0.001024
8.620000       0.000798
8.630000       0.000542
8.640000       0.000264
8.650000       -0.000023
8.660000       -0.000309
8.670000       -0.000582
8.680000       -0.000831
8.690000       -0.001046
8.700000       -0.001220
8.710000       -0.001344
8.720000       -0.001415
8.730000       -0.001429
8.740000       -0.001386
8.750000       -0.001288
8.760000       -0.001139
8.770000       -0.000946
8.780000       -0.000715
8.790000       -0.000456
8.800000       -0.000179
8.810000       0.000104
8.820000       0.000382
8.830000       0.000644
8.840000       0.000881
8.850000       0.001081
8.860000       0.001238
8.870000       0.001345
8.880000       0.001399
8.890000       0.001397
8.900000       0.001339
8.910000       0.001228
8.920000       0.001068
8.930000       0.000866
8.940000       0.000630
8.950000       0.000370
8.960000       0.000095
8.970000       -0.000183
8.980000       -0.000453
8.990000       -0.000704
9.000000       -0.000927
9.010000       -0.001112
9.020000       -0.001253
9.030000       -0.001343
9.040000       -0.001380
9.050000       -0.001362
9.060000       -0.001290
9.070000       -0.001166
9.080000       -0.000997
9.090000       -0.000788
9.100000       -0.000548
9.110000       -0.000287
9.120000       -0.000015
9.130000       0.000257
9.140000       0.000518
9.150000       0.000758
9.160000       0.000967
9.170000       0.001137
9.180000       0.001262
9.190000       0.001336
9.200000       0.001356
9.210000       0.001323
9.220000       0.001237
9.230000       0.001102
9.240000       0.000923
9.250000       0.000708
9.260000       0.000466
9.270000       0.000205
9.280000       -0.000064
9.290000       -0.000329
9.300000       -0.000580
9.310000       -0.000808
9.320000       -0.001004
9.330000       -0.001159
9.340000       -0.001267
9.350000       -0.001325
9.360000       -0.001330
9.370000       -0.001282
9.380000       -0.001183
9.390000       -0.001037
9.400000       -0.000851
9.410000       -0.000630
9.420000       -0.000386
9.430000       -0.000126
9.440000       0.000138
9.450000       0.000396
9.460000       0.000638
9.470000       0.000854
9.480000       0.001035
9.490000       0.001175
9.500000       0.001268
9.510000       0.001310
9.520000       0.001299
9.530000       0.001237
9.540000       0.001126
9.550000       0.000971
9.560000       0.000777
9.570000       0.000552
9.580000       0.000306
9.590000       0.000048
9.600000       -0.000211
9.610000       -0.000461
9.620000       -0.000692
9.630000       -0.000896
9.640000       -0.001063
9.650000       -0.001187
9.660000       -0.001265
9.670000       -0.001291
9.680000       -0.001266
9.690000       -0.001191
9.700000       -0.001069
9.710000       -0.000904
9.720000       -0.000703
9.730000       -0.000475
9.740000       -0.000229
9.750000       0.000026
9.760000       0.000279
9.770000       0.000521
9.780000       0.000742
9.790000       0.000932
9.800000       0.001085
9.810000       0.001195
9.820000       0.001257
9.830000       0.001268
9.840000       0.001229
9.850000       0.001141
9.860000       0.001008
9.870000       0.000835
9.880000       0.000629
9.890000       0.000399
9.900000       0.000153
9.910000       -0.000099
9.920000       -0.000346
9.930000       -0.000579
9.940000       -0.000788
9.950000       -0.000966
9.960000       -0.001104
9.970000       -0.001199
9.980000       -0.001246
9.990000       -0.001243
10.000000       -0.001190
10.010000       -0.001090
10.020000       -0.000947
10.030000       -0.000767
10.040000       -0.000556
10.050000       -0.000324
10.060000       -0.000079
10.070000       0.000168
10.080000       0.000408
10.090000       0.000632
10.100000       0.000829
10.110000       0.000994
10.120000       0.001118
10.130000       0.001198
10.140000       0.001230
10.150000       0.001213
10.160000       0.001148
10.170000       0.001037
10.180000       0.000885
10.190000       0.000698
10.200000       0.000483
10.210000       0.000250
10.220000       0.000007
10.230000       -0.000235
10.240000       -0.000468
10.250000       -0.000681
10.260000       -0.000868
10.270000       -0.001019
10.280000       -0.001129
10.290000       -0.001194
10.300000       -0.001212
10.310000       -0.001181
10.320000       -0.001103
10.330000       -0.000982
10.340000       -0.000822
10.350000       -0.000629
10.360000       -0.000411
10.370000       -0.000178
10.380000       0.000062
10.390000       0.000299
10.400000       0.000524
10.410000       0.000727
10.420000       0.000901
10.430000       0.001039
10.440000       0.001135
10.450000       0.001186
10.460000       0.001189
10.470000       0.001146
10.480000       0.001056
10.490000       0.000925
10.500000       0.000757
10.510000       0.000559
10.520000       0.000340
10.530000       0.000107
10.540000       -0.000129
10.550000       -0.000360
10.560000       -0.000576
10.570000       -0.000769
10.580000       -0.000931
10.590000       -0.001055
10.600000       -0.001138
10.610000       -0.001174
10.620000       -0.001164
10.630000       -0.001108
10.640000       -0.001008
10.650000       -0.000867
10.660000       -0.000693
10.670000       -0.000491
10.680000       -0.000270
10.690000       -0.000039
10.700000       0.000194
10.710000       0.000418
10.720000       0.000625
10.730000       0.000807
10.740000       0.000957
10.750000       0.001068
10.760000       0.001136
10.770000       0.001159
10.780000       0.001136
10.790000       0.001067
10.800000       0.000956
10.810000       0.000808
10.820000       0.000627
10.830000       0.000422
10.840000       0.000200
10.850000       -0.000029
10.860000       -0.000256
10.870000       -0.000473
10.880000       -0.000671
10.890000       -0.000842
10.900000       -0.000979
10.910000       -0.001076
10.920000       -0.001131
10.930000       -0.001141
10.940000       -0.001105
10.950000       -0.001025
10.960000       -0.000904
10.970000       -0.000748
10.980000       -0.000562
10.990000       -0.000355
11.000000       -0.000133
11.010000       0.000093
11.020000       0.000316
11.030000       0.000525
11.040000       0.000713
11.050000       0.000872
11.060000       0.000997
11.070000       0.001081
11.080000       0.001122
11.090000       0.001118
11.100000       0.001070
11.110000       0.000980
11.120000       0.000850
11.130000       0.000687
11.140000       0.000497
11.150000       0.000287
11.160000       0.000067
11.170000       -0.000156
11.180000       -0.000373
11.190000       -0.000574
11.200000       -0.000752
11.210000       -0.000899
11.220000       -0.001011
11.230000       -0.001082
11.240000       -0.001110
11.250000       -0.001094
11.260000       -0.001034
11.270000       -0.000933
11.280000       -0.000795
11.290000       -0.000626
11.300000       -0.000432
11.310000       -0.000221
11.320000       -0.000002
11.330000       0.000217
11.340000       0.000427
11.350000       0.000619
11.360000       0.000787
11.370000       0.000922
11.380000       0.001021
11.390000       0.001079
11.400000       0.001094
11.410000       0.001066
11.420000       0.000995
11.430000       0.000884
11.440000       0.000739
11.450000       0.000564
11.460000       0.000367
11.470000       0.000156
11.480000       -0.000061
11.490000       -0.000275
11.500000       -0.000478
11.510000       -0.000661
11.520000       -0.000818
11.530000       -0.000942
11.540000       -0.001028
11.550000       -0.001074
11.560000       -0.001076
11.570000       -0.001036
11.580000       -0.000954
11.590000       -0.000834
11.600000       -0.000682
11.610000       -0.000503
11.620000       -0.000304
11.630000       -0.000093
11.640000       0.000121
11.650000       0.000330
11.660000       0.000526
11.670000       0.000700
11.680000       0.000846
11.690000       0.000958
11.700000       0.001032
11.710000       0.001064
11.720000       0.001054
11.730000       0.001002
11.740000       0.000911
11.750000       0.000783
11.760000       0.000624
11.770000       0.000441
11.780000       0.000240
11.790000       0.000030
11.800000       -0.000180
11.810000       -0.000384
11.820000       -0.000571
11.830000       -0.000735
11.840000       -0.000870
11.850000       -0.000970
11.860000       -0.001032
11.870000       -0.001052
11.880000       -0.001030
11.890000       -0.000967
11.900000       -0.000866
11.910000       -0.000730
11.920000       -0.000566
11.930000       -0.000379
11.940000       -0.000178
11.950000       0.000030
11.960000       0.000237
11.970000       0.000434
11.980000       0.000613
11.990000       0.000767
12.000000       0.000891
12.010000       0.000979
12.020000       0.001028
12.030000       0.001036
12.040000       0.001002
12.050000       0.000929
12.060000       0.000819
12.070000       0.000676
12.080000       0.000507
12.090000       0.000318
12.100000       0.000116
12.110000       -0.000089
12.120000       -0.000291
12.130000       -0.000481
12.140000       -0.000652
12.150000       -0.000796
12.160000       -0.000909
12.170000       -0.000985
12.180000       -0.001021
12.190000       -0.001017
12.200000       -0.000973
12.210000       -0.000890
12.220000       -0.000771
12.230000       -0.000622
12.240000       -0.000449
12.250000       -0.000258
12.260000       -0.000057
12.270000       0.000146
12.280000       0.000343
12.290000       0.000526
12.300000       0.000687
12.310000       0.000821
12.320000       0.000922
12.330000       0.000986
12.340000       0.001011
12.350000       0.000995
12.360000       0.000940
12.370000       0.000848
12.380000       0.000721
12.390000       0.000567
12.400000       0.000390
12.410000       0.000198
12.420000       -0.000002
12.430000       -0.000202
12.440000       -0.000393
12.450000       -0.000568
12.460000       -0.000720
12.470000       -0.000843
12.480000       -0.000933
12.490000       -0.000985
12.500000       -0.000998
12.510000       -0.000971
12.520000       -0.000906
12.530000       -0.000804
12.540000       -0.000671
12.550000       -0.000511
12.560000       -0.000332
12.570000       -0.000139
12.580000       0.000059
12.590000       0.000255
12.600000       0.000440
12.610000       0.000607
12.620000       0.000749
12.630000       0.000862
12.640000       0.000940
12.650000       0.000981
12.660000       0.000982
12.670000       0.000944
12.680000       0.000869
12.690000       0.000759
12.700000       0.000620
12.710000       0.000455
12.720000       0.000273
12.730000       0.000081
12.740000       -0.000115
12.750000       -0.000306
12.760000       -0.000484
12.770000       -0.000643
12.780000       -0.000776
12.790000       -0.000877
12.800000       -0.000944
12.810000       -0.000973
12.820000       -0.000963
12.830000       -0.000915
12.840000       -0.000831
12.850000       -0.000713
12.860000       -0.000568
12.870000       -0.000400
12.880000       -0.000216
12.890000       -0.000024
12.900000       0.000169
12.910000       0.000354
12.920000       0.000525
12.930000       0.000675
12.940000       0.000798
12.950000       0.000889
12.960000       0.000945
12.970000       0.000962
12.980000       0.000942
12.990000       0.000883
13.000000       0.000790
13.010000       0.000666
13.020000       0.000515
13.030000       0.000344
13.040000       0.000159
13.050000       -0.000032
13.060000       -0.000221
13.070000       -0.000401
13.080000       -0.000565
13.090000       -0.000706
13.100000       -0.000818
13.110000       -0.000898
13.120000       -0.000942
13.130000       -0.000949
13.140000       -0.000918
13.150000       -0.000850
13.160000       -0.000748
13.170000       -0.000617
13.180000       -0.000462
13.190000       -0.000288
13.200000       -0.000103
13.210000       0.000086
13.220000       0.000271
13.230000       0.000444
13.240000       0.000600
13.250000       0.000732
13.260000       0.000835
13.270000       0.000904
13.280000       0.000937
13.290000       0.000932
13.300000       0.000891
13.310000       0.000814
13.320000       0.000705
13.330000       0.000568
13.340000       0.000408
13.350000       0.000233
13.360000       0.000048
13.370000       -0.000138
13.380000       -0.000319
13.390000       -0.000486
13.400000       -0.000634
13.410000       -0.000756
13.420000       -0.000848
13.430000       -0.000907
13.440000       -0.000929
13.450000       -0.000914
13.460000       -0.000862
13.470000       -0.000777
13.480000       -0.000660
13.490000       -0.000518
13.500000       -0.000355
13.510000       -0.000178
13.520000       0.000006
13.530000       0.000189
13.540000       0.000364
13.550000       0.000525
13.560000       0.000664
13.570000       0.000777
13.580000       0.000858
13.590000       0.000906
13.600000       0.000917
13.610000       0.000892
13.620000       0.000831
13.630000       0.000737
13.640000       0.000614
13.650000       0.000467
13.660000       0.000301
13.670000       0.000124
13.680000       -0.000058
13.690000       -0.000238
13.700000       -0.000408
13.710000       -0.000561
13.720000       -0.000692
13.730000       -0.000795
13.740000       -0.000866
13.750000       -0.000903
13.760000       -0.000903
13.770000       -0.000868
13.780000       -0.000798
13.790000       -0.000697
13.800000       -0.000568
13.810000       -0.000416
13.820000       -0.000248
13.830000       -0.000071
13.840000       0.000109
13.850000       0.000285
13.860000       0.000448
13.870000       0.000594
13.880000       0.000716
13.890000       0.000809
13.900000       0.000870
13.910000       0.000896
13.920000       0.000886
13.930000       0.000842
13.940000       0.000763
13.950000       0.000654
13.960000       0.000520
13.970000       0.000365
13.980000       0.000195
13.990000       0.000018
14.000000       -0.000159
14.010000       -0.000330
14.020000       -0.000487
14.030000       -0.000625
14.040000       -0.000738
14.050000       -0.000821
14.060000       -0.000871
14.070000       -0.000887
14.080000       -0.000867
14.090000       -0.000813
14.100000       -0.000727
14.110000       -0.000611
14.120000       -0.000472
14.130000       -0.000314
14.140000       -0.000143
14.150000       0.000032
14.160000       0.000207
14.170000       0.000373
14.180000       0.000523
14.190000       0.000653
14.200000       0.000756
14.210000       0.000830
14.220000       0.000870
14.230000       0.000875
14.240000       0.000846
14.250000       0.000783
14.260000       0.000688
14.270000       0.000567
14.280000       0.000423
14.290000       0.000262
14.300000       0.000092
14.310000       -0.000082
14.320000       -0.000253
14.330000       -0.000413
14.340000       -0.000557
14.350000       -0.000678
14.360000       -0.000772
14.370000       -0.000836
14.380000       -0.000865
14.390000       -0.000861
14.400000       -0.000822
14.410000       -0.000750
14.420000       -0.000649
14.430000       -0.000522
14.440000       -0.000374
14.450000       -0.000212
14.460000       -0.000041
14.470000       0.000131
14.480000       0.000297
14.490000       0.000452
14.500000       0.000588
14.510000       0.000701
14.520000       0.000785
14.530000       0.000838
14.540000       0.000858
14.550000       0.000844
14.560000       0.000796
14.570000       0.000716
14.580000       0.000608
14.590000       0.000476
14.600000       0.000325
14.610000       0.000161
14.620000       -0.000009
14.630000       -0.000178
14.640000       -0.000340
14.650000       -0.000488
14.660000       -0.000617
14.670000       -0.000720
14.680000       -0.000795
14.690000       -0.000839
14.700000       -0.000848
14.710000       -0.000824
14.720000       -0.000768
14.730000       -0.000680
14.740000       -0.000566
14.750000       -0.000429
14.760000       -0.000276
14.770000       -0.000112
14.780000       0.000057
14.790000       0.000223
14.800000       0.000380
14.810000       0.000522
14.820000       0.000642
14.830000       0.000737
14.840000       0.000803
14.850000       0.000836
14.860000       0.000836
14.870000       0.000803
14.880000       0.000737
14.890000       0.000643
14.900000       0.000523
14.910000       0.000382
14.920000       0.000227
14.930000       0.000062
14.940000       -0.000105
14.950000       -0.000267
14.960000       -0.000418
14.970000       -0.000553
14.980000       -0.000666
14.990000       -0.000751
15.000000       -0.000807
15.010000       -0.000831
15.020000       -0.000821
15.030000       -0.000779
15.040000       -0.000706
15.050000       -0.000605
15.060000       -0.000479
15.070000       -0.000335
15.080000       -0.000178
15.090000       -0.000014
15.100000       0.000150
15.110000       0.000309
15.120000       0.000454
15.130000       0.000582
15.140000       0.000686
15.150000       0.000763
15.160000       0.000809
15.170000       0.000823
15.180000       0.000804
15.190000       0.000753
15.200000       0.000672
15.210000       0.000565
15.220000       0.000435
15.230000       0.000288
15.240000       0.000130
15.250000       -0.000033
15.260000       -0.000195
15.270000       -0.000349
15.280000       -0.000488
15.290000       -0.000608
15.300000       -0.000704
15.310000       -0.000771
15.320000       -0.000808
15.330000       -0.000812
15.340000       -0.000784
15.350000       -0.000725
15.360000       -0.000637
15.370000       -0.000524
15.380000       -0.000390
15.390000       -0.000241
15.400000       -0.000082
15.410000       0.000079
15.420000       0.000238
15.430000       0.000387
15.440000       0.000520
15.450000       0.000632
15.460000       0.000719
15.470000       0.000777
15.480000       0.000804
15.490000       0.000799
15.500000       0.000762
15.510000       0.000695
15.520000       0.000601
15.530000       0.000482
15.540000       0.000345
15.550000       0.000194
15.560000       0.000035
15.570000       -0.000125
15.580000       -0.000279
15.590000       -0.000423
15.600000       -0.000549
15.610000       -0.000653
15.620000       -0.000731
15.630000       -0.000780
15.640000       -0.000798
15.650000       -0.000784
15.660000       -0.000739
15.670000       -0.000664
15.680000       -0.000563
15.690000       -0.000440
15.700000       -0.000299
15.710000       -0.000147
15.720000       0.000011
15.730000       0.000168
15.740000       0.000319
15.750000       0.000456
15.760000       0.000575
15.770000       0.000672
15.780000       0.000741
15.790000       0.000781
15.800000       0.000789
15.810000       0.000766
15.820000       0.000713
15.830000       0.000631
15.840000       0.000524
15.850000       0.000397
15.860000       0.000254
15.870000       0.000101
15.880000       -0.000056
15.890000       -0.000211
15.900000       -0.000356
15.910000       -0.000488
15.920000       -0.000600
15.930000       -0.000688
15.940000       -0.000748
15.950000       -0.000779
15.960000       -0.000778
15.970000       -0.000747
15.980000       -0.000685
15.990000       -0.000597
16.000000       -0.000485
16.010000       -0.000354
16.020000       -0.000208
16.030000       -0.000055
16.040000       0.000100
16.050000       0.000251
16.060000       0.000392
16.070000       0.000517
16.080000       0.000622
16.090000       0.000701
16.100000       0.000753
16.110000       0.000774
16.120000       0.000765
16.130000       0.000725
16.140000       0.000656
16.150000       0.000561
16.160000       0.000444
16.170000       0.000310
16.180000       0.000163
16.190000       0.000010
16.200000       -0.000143
16.210000       -0.000290
16.220000       -0.000426
16.230000       -0.000544
16.240000       -0.000641
16.250000       -0.000712
16.260000       -0.000755
16.270000       -0.000767
16.280000       -0.000749
16.290000       -0.000701
16.300000       -0.000625
16.310000       -0.000525
16.320000       -0.000403
16.330000       -0.000266
16.340000       -0.000118
16.350000       0.000034
16.360000       0.000185
16.370000       0.000328
16.380000       0.000458
16.390000       0.000569
16.400000       0.000658
16.410000       0.000720
16.420000       0.000754
16.430000       0.000758
16.440000       0.000731
16.450000       0.000675
16.460000       0.000593
16.470000       0.000487
16.480000       0.000362
16.490000       0.000222
16.500000       0.000074
16.510000       -0.000077
16.520000       -0.000225
16.530000       -0.000363
16.540000       -0.000487
16.550000       -0.000592
16.560000       -0.000672
16.570000       -0.000726
16.580000       -0.000751
16.590000       -0.000746
16.600000       -0.000711
16.610000       -0.000648
16.620000       -0.000559
16.630000       -0.000448
16.640000       -0.000320
16.650000       -0.000178
16.660000       -0.000030
16.670000       0.000119
16.680000       0.000263
16.690000       0.000397
16.700000       0.000515
16.710000       0.000612
16.720000       0.000684
16.730000       0.000729
16.740000       0.000745
16.750000       0.000732
16.760000       0.000689
16.770000       0.000619
16.780000       0.000524
16.790000       0.000409
16.800000       0.000277
16.810000       0.000135
16.820000       -0.000013
16.830000       -0.000160
16.840000       -0.000300
16.850000       -0.000429
16.860000       -0.000540
16.870000       -0.000629
16.880000       -0.000694
16.890000       -0.000730
16.900000       -0.000738
16.910000       -0.000716
16.920000       -0.000665
16.930000       -0.000589
16.940000       -0.000488
16.950000       -0.000369
16.960000       -0.000235
16.970000       -0.000092
16.980000       0.000055
16.990000       0.000199
17.000000       0.000336
17.010000       0.000458
17.020000       0.000563
17.030000       0.000645
17.040000       0.000701
17.050000       0.000729
17.060000       0.000728
17.070000       0.000698
17.080000       0.000640
17.090000       0.000557
17.100000       0.000451
17.110000       0.000328
17.120000       0.000192
17.130000       0.000049
17.140000       -0.000096
17.150000       -0.000238
17.160000       -0.000369
17.170000       -0.000486
17.180000       -0.000584
17.190000       -0.000657
17.200000       -0.000705
17.210000       -0.000725
17.220000       -0.000715
17.230000       -0.000678
17.240000       -0.000613
17.250000       -0.000524
17.260000       -0.000414
17.270000       -0.000288
17.280000       -0.000150
17.290000       -0.000007
17.300000       0.000136
17.310000       0.000274
17.320000       0.000401
17.330000       0.000512
17.340000       0.000602
17.350000       0.000668
17.360000       0.000707
17.370000       0.000718
17.380000       0.000701
17.390000       0.000655
17.400000       0.000584
17.410000       0.000489
17.420000       0.000375
17.430000       0.000247
17.440000       0.000108
17.450000       -0.000034
17.460000       -0.000176
17.470000       -0.000310
17.480000       -0.000431
17.490000       -0.000535
17.500000       -0.000618
17.510000       -0.000676
17.520000       -0.000707
17.530000       -0.000710
17.540000       -0.000684
17.550000       -0.000632
17.560000       -0.000554
17.570000       -0.000454
17.580000       -0.000337
17.590000       -0.000206
17.600000       -0.000067
17.610000       0.000075
17.620000       0.000213
17.630000       0.000343
17.640000       0.000459
17.650000       0.000556
17.660000       0.000632
17.670000       0.000682
17.680000       0.000704
17.690000       0.000699
17.700000       0.000666
17.710000       0.000606
17.720000       0.000523
17.730000       0.000418
17.740000       0.000297
17.750000       0.000165
17.760000       0.000026
17.770000       -0.000114
17.780000       -0.000250
17.790000       -0.000375
17.800000       -0.000485
17.810000       -0.000575
17.820000       -0.000643
17.830000       -0.000685
17.840000       -0.000700
17.850000       -0.000686
17.860000       -0.000646
17.870000       -0.000580
17.880000       -0.000490
17.890000       -0.000382
17.900000       -0.000258
17.910000       -0.000124
17.920000       0.000015
17.930000       0.000153
17.940000       0.000284
17.950000       0.000404
17.960000       0.000508
17.970000       0.000592
17.980000       0.000652
17.990000       0.000686
18.000000       0.000692
18.010000       0.000671
18.020000       0.000624
18.030000       0.000551
18.040000       0.000457
18.050000       0.000344
18.060000       0.000218
18.070000       0.000083
18.080000       -0.000054
18.090000       -0.000190
18.100000       -0.000318
18.110000       -0.000433
18.120000       -0.000530
18.130000       -0.000607
18.140000       -0.000659
18.150000       -0.000685
18.160000       -0.000683
18.170000       -0.000655
18.180000       -0.000600
18.190000       -0.000521
18.200000       -0.000422
18.210000       -0.000306
18.220000       -0.000178
18.230000       -0.000044
18.240000       0.000093
18.250000       0.000226
18.260000       0.000349
18.270000       0.000459
18.280000       0.000550
18.290000       0.000619
18.300000       0.000663
18.310000       0.000681
18.320000       0.000672
18.330000       0.000636
18.340000       0.000575
18.350000       0.000491
18.360000       0.000387
18.370000       0.000268
18.380000       0.000139
18.390000       0.000004
18.400000       -0.000131
18.410000       -0.000260
18.420000       -0.000379
18.430000       -0.000483
18.440000       -0.000567
18.450000       -0.000629
18.460000       -0.000666
18.470000       -0.000676
18.480000       -0.000659
18.490000       -0.000616
18.500000       -0.000548
18.510000       -0.000459
18.520000       -0.000351
18.530000       -0.000230
18.540000       -0.000099
18.550000       0.000035
18.560000       0.000167
18.570000       0.000293
18.580000       0.000407
18.590000       0.000505
18.600000       0.000582
18.610000       0.000637
18.620000       0.000665
18.630000       0.000668
18.640000       0.000643
18.650000       0.000593
18.660000       0.000520
18.670000       0.000426
18.680000       0.000315
18.690000       0.000191
18.700000       0.000060
18.710000       -0.000073
18.720000       -0.000203
18.730000       -0.000325
18.740000       -0.000434
18.750000       -0.000525
18.760000       -0.000596
18.770000       -0.000642
18.780000       -0.000663
18.790000       -0.000658
18.800000       -0.000626
18.810000       -0.000570
18.820000       -0.000491
18.830000       -0.000392
18.840000       -0.000278
18.850000       -0.000153
18.860000       -0.000022
18.870000       0.000110
18.880000       0.000237
18.890000       0.000355
18.900000       0.000458
18.910000       0.000543
18.920000       0.000606
18.930000       0.000646
18.940000       0.000659
18.950000       0.000646
18.960000       0.000607
18.970000       0.000544
18.980000       0.000460
18.990000       0.000357
19.000000       0.000241
19.010000       0.000114
19.020000       -0.000016
19.030000       -0.000146
19.040000       -0.000270
19.050000       -0.000383
19.060000       -0.000481
19.070000       -0.000559
19.080000       -0.000615
19.090000       -0.000647
19.100000       -0.000653
19.110000       -0.000632
19.120000       -0.000587
19.130000       -0.000518
19.140000       -0.000429
19.150000       -0.000322
19.160000       -0.000203
19.170000       -0.000076
19.180000       0.000053
19.190000       0.000181
19.200000       0.000301
19.210000       0.000410
19.220000       0.000501
19.230000       0.000573
19.240000       0.000622
19.250000       0.000646
19.260000       0.000644
19.270000       0.000616
19.280000       0.000565
19.290000       0.000490
19.300000       0.000396
19.310000       0.000287
19.320000       0.000166
19.330000       0.000039
19.340000       -0.000090
19.350000       -0.000215
19.360000       -0.000331
19.370000       -0.000434
19.380000       -0.000520
19.390000       -0.000585
19.400000       -0.000626
19.410000       -0.000643
19.420000       -0.000634
19.430000       -0.000599
19.440000       -0.000541
19.450000       -0.000461
19.460000       -0.000363
19.470000       -0.000251
19.480000       -0.000129
19.490000       -0.000002
19.500000       0.000126
19.510000       0.000248
19.520000       0.000360
19.530000       0.000457
19.540000       0.000536
19.550000       0.000594
19.560000       0.000628
19.570000       0.000637
19.580000       0.000621
19.590000       0.000580
19.600000       0.000516
19.610000       0.000431
19.620000       0.000329
19.630000       0.000215
19.640000       0.000092
19.650000       -0.000035
19.660000       -0.000160
19.670000       -0.000279
19.680000       -0.000386
19.690000       -0.000478
19.700000       -0.000551
19.710000       -0.000602
19.720000       -0.000629
19.730000       -0.000630
19.740000       -0.000607
19.750000       -0.000559
19.760000       -0.000490
19.770000       -0.000400
19.780000       -0.000295
19.790000       -0.000179
19.800000       -0.000055
19.810000       0.000071
19.820000       0.000194
19.830000       0.000309
19.840000       0.000411
19.850000       0.000497
19.860000       0.000564
19.870000       0.000607
19.880000       0.000627
19.890000       0.000621
19.900000       0.000591
19.910000       0.000537
19.920000       0.000462
19.930000       0.000368
19.940000       0.000260
19.950000       0.000142
19.960000       0.000018
19.970000       -0.000106
19.980000       -0.000226
19.990000       -0.000337
