# time   C_FQM_Re    C_FQM_Im    C_DCL_Re    C_DCL_Im    C_ACL_Re   C_ACL_Im
0.000000      1.000000      -0.000000      1.000000      -0.000000      1.000000      -0.000000
0.100000      0.938811      -0.068232      0.940044      -0.070636      0.940214      -0.068334
0.200000      0.787468      -0.104210      0.789667      -0.119346      0.791732      -0.104775
0.300000      0.610935      -0.103946      0.610381      -0.139701      0.617293      -0.105028
0.400000      0.456998      -0.084079      0.450599      -0.139387      0.463879      -0.085345
0.500000      0.341682      -0.060765      0.328892      -0.129461      0.347994      -0.061887
0.600000      0.261683      -0.041540      0.243455      -0.117602      0.267028      -0.042388
0.700000      0.207980      -0.027780      0.185405      -0.107390      0.212375      -0.028367
0.800000      0.172248      -0.018502      0.145983      -0.099872      0.175865      -0.018891
0.900000      0.148426      -0.012362      0.118652      -0.094972      0.151455      -0.012615
1.000000      0.132469      -0.008290      0.099023      -0.092250      0.135071      -0.008453
1.100000      0.121758      -0.005557      0.084266      -0.091219      0.124055      -0.005661
1.200000      0.114597      -0.003693      0.072566      -0.091445      0.116679      -0.003760
1.300000      0.109879      -0.002404      0.062759      -0.092568      0.111811      -0.002446
1.400000      0.106865      -0.001500      0.054087      -0.094291      0.108692      -0.001526
1.500000      0.105051      -0.000861      0.046055      -0.096373      0.106808      -0.000875
1.600000      0.104091      -0.000406      0.038338      -0.098612      0.105802      -0.000413
1.700000      0.103738      -0.000082      0.030730      -0.100842      0.105420      -0.000084
1.800000      0.103817      0.000147      0.023102      -0.102923      0.105484      0.000149
1.900000      0.104201      0.000308      0.015380      -0.104738      0.105861      0.000313
2.000000      0.104797      0.000419      0.007531      -0.106192      0.106458      0.000426
2.100000      0.105538      0.000493      -0.000451      -0.107203      0.107203      0.000501
2.200000      0.106373      0.000540      -0.008549      -0.107709      0.108046      0.000549
2.300000      0.107265      0.000568      -0.016734      -0.107658      0.108949      0.000576
2.400000      0.108188      0.000580      -0.024966      -0.107011      0.109883      0.000589
2.500000      0.109120      0.000582      -0.033197      -0.105741      0.110828      0.000591
2.600000      0.110048      0.000576      -0.041375      -0.103830      0.111769      0.000585
2.700000      0.110961      0.000564      -0.049446      -0.101271      0.112696      0.000573
2.800000      0.111852      0.000549      -0.057351      -0.098062      0.113600      0.000557
2.900000      0.112716      0.000531      -0.065036      -0.094211      0.114477      0.000539
3.000000      0.113550      0.000511      -0.072444      -0.089731      0.115324      0.000519
3.100000      0.114351      0.000490      -0.079521      -0.084644      0.116138      0.000498
3.200000      0.115120      0.000470      -0.086215      -0.078974      0.116918      0.000477
3.300000      0.115854      0.000449      -0.092477      -0.072754      0.117664      0.000456
3.400000      0.116555      0.000428      -0.098259      -0.066017      0.118376      0.000435
3.500000      0.117224      0.000408      -0.103520      -0.058804      0.119055      0.000414
3.600000      0.117860      0.000388      -0.108220      -0.051159      0.119702      0.000394
3.700000      0.118467      0.000370      -0.112324      -0.043127      0.120318      0.000375
3.800000      0.119043      0.000351      -0.115801      -0.034757      0.120904      0.000357
3.900000      0.119591      0.000334      -0.118624      -0.026102      0.121461      0.000339
4.000000      0.120113      0.000318      -0.120770      -0.017215      0.121991      0.000323
4.100000      0.120609      0.000302      -0.122223      -0.008151      0.122495      0.000307
4.200000      0.121080      0.000287      -0.122969      0.001034      0.122973      0.000292
4.300000      0.121528      0.000273      -0.123000      0.010283      0.123429      0.000278
4.400000      0.121955      0.000260      -0.122312      0.019539      0.123862      0.000264
4.500000      0.122360      0.000247      -0.120905      0.028744      0.124275      0.000251
4.600000      0.122747      0.000236      -0.118785      0.037842      0.124667      0.000239
4.700000      0.123114      0.000224      -0.115962      0.046776      0.125041      0.000228
4.800000      0.123465      0.000214      -0.112451      0.055491      0.125396      0.000217
4.900000      0.123798      0.000204      -0.108268      0.063933      0.125736      0.000207
5.000000      0.124116      0.000194      -0.103439      0.072050      0.126059      0.000197
5.100000      0.124420      0.000185      -0.097988      0.079793      0.126367      0.000188
5.200000      0.124709      0.000177      -0.091947      0.087113      0.126661      0.000180
5.300000      0.124986      0.000169      -0.085350      0.093966      0.126942      0.000171
5.400000      0.125249      0.000161      -0.078234      0.100308      0.127210      0.000164
5.500000      0.125502      0.000154      -0.070640      0.106102      0.127466      0.000156
5.600000      0.125743      0.000147      -0.062612      0.111310      0.127711      0.000150
5.700000      0.125973      0.000141      -0.054194      0.115901      0.127945      0.000143
5.800000      0.126194      0.000135      -0.045437      0.119845      0.128169      0.000137
5.900000      0.126405      0.000129      -0.036390      0.123118      0.128384      0.000131
6.000000      0.126607      0.000124      -0.027106      0.125700      0.128589      0.000126
6.100000      0.126801      0.000119      -0.017638      0.127573      0.128786      0.000120
6.200000      0.126986      0.000114      -0.008041      0.128724      0.128975      0.000115
6.300000      0.127165      0.000109      0.001629      0.129145      0.129156      0.000111
6.400000      0.127335      0.000105      0.011316      0.128833      0.129329      0.000106
6.500000      0.127500      0.000101      0.020965      0.127788      0.129496      0.000102
6.600000      0.127657      0.000097      0.030519      0.126013      0.129656      0.000098
6.700000      0.127809      0.000093      0.039922      0.123519      0.129810      0.000094
6.800000      0.127954      0.000089      0.049121      0.120317      0.129958      0.000091
6.900000      0.128094      0.000086      0.058062      0.116425      0.130100      0.000087
7.000000      0.128229      0.000083      0.066692      0.111865      0.130237      0.000084
7.100000      0.128358      0.000079      0.074963      0.106661      0.130369      0.000081
7.200000      0.128483      0.000077      0.082824      0.100842      0.130495      0.000078
7.300000      0.128603      0.000074      0.090232      0.094441      0.130617      0.000075
7.400000      0.128719      0.000071      0.097142      0.087493      0.130735      0.000072
7.500000      0.128831      0.000069      0.103515      0.080038      0.130849      0.000070
7.600000      0.128939      0.000066      0.109312      0.072117      0.130958      0.000067
7.700000      0.129042      0.000064      0.114501      0.063775      0.131064      0.000065
7.800000      0.129143      0.000062      0.119050      0.055059      0.131165      0.000063
7.900000      0.129240      0.000059      0.122933      0.046018      0.131264      0.000060
8.000000      0.129333      0.000057      0.126127      0.036704      0.131359      0.000058
8.100000      0.129423      0.000056      0.128612      0.027169      0.131451      0.000056
8.200000      0.129511      0.000054      0.130374      0.017467      0.131539      0.000055
8.300000      0.129595      0.000052      0.131402      0.007654      0.131625      0.000053
8.400000      0.129677      0.000050      0.131689      -0.002215      0.131708      0.000051
8.500000      0.129756      0.000049      0.131233      -0.012083      0.131788      0.000049
8.600000      0.129832      0.000047      0.130036      -0.021895      0.131866      0.000048
8.700000      0.129906      0.000046      0.128102      -0.031595      0.131941      0.000046
8.800000      0.129978      0.000044      0.125444      -0.041128      0.132014      0.000045
8.900000      0.130048      0.000043      0.122075      -0.050439      0.132085      0.000043
9.000000      0.130115      0.000041      0.118013      -0.059475      0.132153      0.000042
9.100000      0.130180      0.000040      0.113282      -0.068184      0.132219      0.000041
9.200000      0.130243      0.000039      0.107907      -0.076518      0.132283      0.000040
9.300000      0.130305      0.000038      0.101918      -0.084428      0.132346      0.000038
9.400000      0.130364      0.000037      0.095349      -0.091869      0.132406      0.000037
9.500000      0.130422      0.000036      0.088236      -0.098799      0.132465      0.000036
9.600000      0.130478      0.000035      0.080620      -0.105178      0.132522      0.000035
9.700000      0.130532      0.000034      0.072542      -0.110970      0.132577      0.000034
9.800000      0.130585      0.000033      0.064050      -0.116140      0.132631      0.000033
9.900000      0.130637      0.000032      0.055189      -0.120661      0.132683      0.000032
10.000000      0.130687      0.000031      0.046010      -0.124504      0.132734      0.000031
10.100000      0.130735      0.000030      0.036565      -0.127649      0.132783      0.000030
10.200000      0.130782      0.000029      0.026908      -0.130077      0.132831      0.000030
10.300000      0.130828      0.000028      0.017091      -0.131774      0.132878      0.000029
10.400000      0.130873      0.000028      0.007172      -0.132729      0.132923      0.000028
10.500000      0.130916      0.000027      -0.002795      -0.132938      0.132967      0.000027
10.600000      0.130958      0.000026      -0.012752      -0.132397      0.133010      0.000026
10.700000      0.131000      0.000025      -0.022644      -0.131111      0.133052      0.000026
10.800000      0.131040      0.000025      -0.032414      -0.129085      0.133092      0.000025
10.900000      0.131079      0.000024      -0.042008      -0.126331      0.133132      0.000024
11.000000      0.131117      0.000023      -0.051370      -0.122864      0.133171      0.000024
11.100000      0.131154      0.000023      -0.060449      -0.118703      0.133208      0.000023
11.200000      0.131190      0.000022      -0.069192      -0.113871      0.133245      0.000023
11.300000      0.131225      0.000022      -0.077551      -0.108395      0.133280      0.000022
11.400000      0.131259      0.000021      -0.085477      -0.102306      0.133315      0.000021
11.500000      0.131292      0.000021      -0.092927      -0.095638      0.133349      0.000021
11.600000      0.131325      0.000020      -0.099856      -0.088428      0.133382      0.000020
11.700000      0.131357      0.000020      -0.106227      -0.080717      0.133415      0.000020
11.800000      0.131388      0.000019      -0.112003      -0.072548      0.133446      0.000019
11.900000      0.131418      0.000019      -0.117151      -0.063966      0.133477      0.000019
12.000000      0.131448      0.000018      -0.121642      -0.055021      0.133507      0.000019
12.100000      0.131476      0.000018      -0.125450      -0.045761      0.133536      0.000018
12.200000      0.131505      0.000017      -0.128554      -0.036241      0.133565      0.000018
12.300000      0.131532      0.000017      -0.130936      -0.026512      0.133593      0.000017
12.400000      0.131559      0.000017      -0.132581      -0.016630      0.133620      0.000017
12.500000      0.131585      0.000016      -0.133481      -0.006650      0.133647      0.000016
12.600000      0.131611      0.000016      -0.133630      0.003371      0.133673      0.000016
12.700000      0.131636      0.000015      -0.133027      0.013377      0.133698      0.000016
12.800000      0.131660      0.000015      -0.131675      0.023311      0.133723      0.000015
12.900000      0.131684      0.000015      -0.129582      0.033118      0.133747      0.000015
13.000000      0.131708      0.000014      -0.126759      0.042742      0.133771      0.000015
13.100000      0.131731      0.000014      -0.123221      0.052129      0.133794      0.000014
13.200000      0.131753      0.000014      -0.118989      0.061226      0.133817      0.000014
13.300000      0.131775      0.000014      -0.114086      0.069981      0.133839      0.000014
13.400000      0.131796      0.000013      -0.108539      0.078346      0.133861      0.000013
13.500000      0.131817      0.000013      -0.102380      0.086272      0.133882      0.000013
13.600000      0.131838      0.000013      -0.095642      0.093715      0.133903      0.000013
13.700000      0.131858      0.000012      -0.088365      0.100634      0.133923      0.000013
13.800000      0.131877      0.000012      -0.080588      0.106988      0.133943      0.000012
13.900000      0.131897      0.000012      -0.072355      0.112742      0.133963      0.000012
14.000000      0.131915      0.000012      -0.063713      0.117863      0.133982      0.000012
14.100000      0.131934      0.000011      -0.054710      0.122323      0.134001      0.000012
14.200000      0.131952      0.000011      -0.045397      0.126096      0.134019      0.000011
14.300000      0.131970      0.000011      -0.035826      0.129161      0.134037      0.000011
14.400000      0.131987      0.000011      -0.026051      0.131499      0.134055      0.000011
14.500000      0.132004      0.000011      -0.016127      0.133099      0.134072      0.000011
14.600000      0.132021      0.000010      -0.006109      0.133950      0.134089      0.000010
14.700000      0.132037      0.000010      0.003946      0.134048      0.134106      0.000010
14.800000      0.132053      0.000010      0.013980      0.133391      0.134122      0.000010
14.900000      0.132069      0.000010      0.023939      0.131984      0.134138      0.000010
15.000000      0.132084      0.000010      0.033765      0.129835      0.134153      0.000010
15.100000      0.132099      0.000009      0.043404      0.126954      0.134169      0.000009
15.200000      0.132114      0.000009      0.052800      0.123359      0.134184      0.000009
15.300000      0.132129      0.000009      0.061902      0.119069      0.134199      0.000009
15.400000      0.132143      0.000009      0.070657      0.114108      0.134213      0.000009
15.500000      0.132157      0.000009      0.079017      0.108505      0.134227      0.000009
15.600000      0.132171      0.000008      0.086934      0.102290      0.134241      0.000009
15.700000      0.132184      0.000008      0.094364      0.095498      0.134255      0.000008
15.800000      0.132197      0.000008      0.101264      0.088167      0.134268      0.000008
15.900000      0.132210      0.000008      0.107597      0.080340      0.134281      0.000008
16.000000      0.132223      0.000008      0.113325      0.072059      0.134294      0.000008
16.100000      0.132235      0.000008      0.118417      0.063371      0.134307      0.000008
16.200000      0.132248      0.000008      0.122844      0.054325      0.134319      0.000008
16.300000      0.132260      0.000007      0.126580      0.044971      0.134332      0.000008
16.400000      0.132272      0.000007      0.129606      0.035364      0.134344      0.000007
16.500000      0.132283      0.000007      0.131903      0.025555      0.134356      0.000007
16.600000      0.132295      0.000007      0.133458      0.015601      0.134367      0.000007
16.700000      0.132306      0.000007      0.134264      0.005558      0.134379      0.000007
16.800000      0.132317      0.000007      0.134314      -0.004519      0.134390      0.000007
16.900000      0.132328      0.000007      0.133609      -0.014571      0.134401      0.000007
17.000000      0.132338      0.000007      0.132152      -0.024543      0.134412      0.000007
17.100000      0.132349      0.000006      0.129951      -0.034379      0.134422      0.000007
17.200000      0.132359      0.000006      0.127020      -0.044023      0.134433      0.000006
17.300000      0.132369      0.000006      0.123374      -0.053421      0.134443      0.000006
17.400000      0.132379      0.000006      0.119033      -0.062520      0.134453      0.000006
17.500000      0.132389      0.000006      0.114022      -0.071269      0.134463      0.000006
17.600000      0.132398      0.000006      0.108369      -0.079618      0.134473      0.000006
17.700000      0.132408      0.000006      0.102106      -0.087520      0.134482      0.000006
17.800000      0.132417      0.000006      0.095268      -0.094932      0.134492      0.000006
17.900000      0.132426      0.000006      0.087893      -0.101810      0.134501      0.000006
18.000000      0.132435      0.000006      0.080023      -0.108117      0.134510      0.000006
18.100000      0.132444      0.000005      0.071701      -0.113817      0.134519      0.000006
18.200000      0.132453      0.000005      0.062976      -0.118877      0.134528      0.000005
18.300000      0.132461      0.000005      0.053895      -0.123270      0.134537      0.000005
18.400000      0.132470      0.000005      0.044510      -0.126970      0.134545      0.000005
18.500000      0.132478      0.000005      0.034873      -0.129956      0.134554      0.000005
18.600000      0.132486      0.000005      0.025039      -0.132212      0.134562      0.000005
18.700000      0.132494      0.000005      0.015063      -0.133724      0.134570      0.000005
18.800000      0.132502      0.000005      0.005001      -0.134485      0.134578      0.000005
18.900000      0.132510      0.000005      -0.005091      -0.134490      0.134586      0.000005
19.000000      0.132518      0.000005      -0.015154      -0.133738      0.134594      0.000005
19.100000      0.132525      0.000005      -0.025134      -0.132234      0.134601      0.000005
19.200000      0.132533      0.000005      -0.034974      -0.129986      0.134609      0.000005
19.300000      0.132540      0.000005      -0.044618      -0.127007      0.134616      0.000005
19.400000      0.132547      0.000004      -0.054012      -0.123314      0.134624      0.000005
19.500000      0.132554      0.000004      -0.063103      -0.118926      0.134631      0.000004
19.600000      0.132561      0.000004      -0.071841      -0.113870      0.134638      0.000004
19.700000      0.132568      0.000004      -0.080175      -0.108172      0.134645      0.000004
19.800000      0.132575      0.000004      -0.088060      -0.101866      0.134652      0.000004
19.900000      0.132582      0.000004      -0.095450      -0.094986      0.134659      0.000004
20.000000      0.132588      0.000004      -0.102304      -0.087571      0.134665      0.000004
20.100000      0.132595      0.000004      -0.108583      -0.079663      0.134672      0.000004
20.200000      0.132601      0.000004      -0.114252      -0.071307      0.134678      0.000004
20.300000      0.132607      0.000004      -0.119280      -0.062548      0.134685      0.000004
20.400000      0.132614      0.000004      -0.123637      -0.053437      0.134691      0.000004
20.500000      0.132620      0.000004      -0.127299      -0.044025      0.134697      0.000004
20.600000      0.132626      0.000004      -0.130246      -0.034364      0.134703      0.000004
20.700000      0.132632      0.000004      -0.132461      -0.024510      0.134709      0.000004
20.800000      0.132637      0.000004      -0.133931      -0.014516      0.134715      0.000004
20.900000      0.132643      0.000004      -0.134648      -0.004440      0.134721      0.000004
21.000000      0.132649      0.000004      -0.134608      0.005662      0.134727      0.000004
21.100000      0.132655      0.000003      -0.133811      0.015733      0.134733      0.000004
21.200000      0.132660      0.000003      -0.132262      0.025716      0.134738      0.000003
21.300000      0.132666      0.000003      -0.129968      0.035555      0.134744      0.000003
21.400000      0.132671      0.000003      -0.126944      0.045196      0.134749      0.000003
21.500000      0.132676      0.000003      -0.123205      0.054583      0.134755      0.000003
21.600000      0.132681      0.000003      -0.118774      0.063664      0.134760      0.000003
21.700000      0.132687      0.000003      -0.113674      0.072387      0.134765      0.000003
21.800000      0.132692      0.000003      -0.107935      0.080704      0.134771      0.000003
21.900000      0.132697      0.000003      -0.101588      0.088568      0.134776      0.000003
22.000000      0.132702      0.000003      -0.094670      0.095935      0.134781      0.000003
22.100000      0.132707      0.000003      -0.087218      0.102763      0.134786      0.000003
22.200000      0.132711      0.000003      -0.079276      0.109013      0.134791      0.000003
22.300000      0.132716      0.000003      -0.070887      0.114651      0.134795      0.000003
22.400000      0.132721      0.000003      -0.062100      0.119644      0.134800      0.000003
22.500000      0.132725      0.000003      -0.052962      0.123965      0.134805      0.000003
22.600000      0.132730      0.000003      -0.043526      0.127590      0.134809      0.000003
22.700000      0.132735      0.000003      -0.033844      0.130497      0.134814      0.000003
22.800000      0.132739      0.000003      -0.023972      0.132670      0.134819      0.000003
22.900000      0.132743      0.000003      -0.013964      0.134098      0.134823      0.000003
23.000000      0.132748      0.000003      -0.003877      0.134772      0.134827      0.000003
23.100000      0.132752      0.000003      0.006232      0.134688      0.134832      0.000003
23.200000      0.132756      0.000003      0.016308      0.133846      0.134836      0.000003
23.300000      0.132760      0.000003      0.026292      0.132252      0.134840      0.000003
23.400000      0.132765      0.000003      0.036128      0.129915      0.134845      0.000003
23.500000      0.132769      0.000003      0.045763      0.126846      0.134849      0.000003
23.600000      0.132773      0.000002      0.055140      0.123064      0.134853      0.000003
23.700000      0.132777      0.000002      0.064208      0.118590      0.134857      0.000003
23.800000      0.132781      0.000002      0.072916      0.113449      0.134861      0.000002
23.900000      0.132784      0.000002      0.081214      0.107670      0.134865      0.000002
24.000000      0.132788      0.000002      0.089056      0.101285      0.134869      0.000002
24.100000      0.132792      0.000002      0.096398      0.094330      0.134872      0.000002
24.200000      0.132796      0.000002      0.103198      0.086844      0.134876      0.000002
24.300000      0.132799      0.000002      0.109418      0.078869      0.134880      0.000002
24.400000      0.132803      0.000002      0.115023      0.070451      0.134884      0.000002
24.500000      0.132807      0.000002      0.119982      0.061636      0.134887      0.000002
24.600000      0.132810      0.000002      0.124266      0.052474      0.134891      0.000002
24.700000      0.132814      0.000002      0.127852      0.043016      0.134895      0.000002
24.800000      0.132817      0.000002      0.130719      0.033316      0.134898      0.000002
24.900000      0.132821      0.000002      0.132852      0.023428      0.134902      0.000002
25.000000      0.132824      0.000002      0.134237      0.013408      0.134905      0.000002
25.100000      0.132827      0.000002      0.134868      0.003312      0.134908      0.000002
25.200000      0.132831      0.000002      0.134740      -0.006803      0.134912      0.000002
25.300000      0.132834      0.000002      0.133855      -0.016880      0.134915      0.000002
25.400000      0.132837      0.000002      0.132217      -0.026863      0.134918      0.000002
25.500000      0.132840      0.000002      0.129836      -0.036695      0.134922      0.000002
25.600000      0.132844      0.000002      0.126724      -0.046322      0.134925      0.000002
25.700000      0.132847      0.000002      0.122900      -0.055688      0.134928      0.000002
25.800000      0.132850      0.000002      0.118384      -0.064742      0.134931      0.000002
25.900000      0.132853      0.000002      0.113203      -0.073432      0.134934      0.000002
26.000000      0.132856      0.000002      0.107385      -0.081710      0.134937      0.000002
26.100000      0.132859      0.000002      0.100963      -0.089529      0.134940      0.000002
26.200000      0.132862      0.000002      0.093973      -0.096844      0.134943      0.000002
26.300000      0.132865      0.000002      0.086454      -0.103615      0.134946      0.000002
26.400000      0.132868      0.000002      0.078449      -0.109805      0.134949      0.000002
26.500000      0.132870      0.000002      0.070002      -0.115377      0.134952      0.000002
26.600000      0.132873      0.000002      0.061162      -0.120300      0.134955      0.000002
26.700000      0.132876      0.000002      0.051977      -0.124547      0.134958      0.000002
26.800000      0.132879      0.000002      0.042499      -0.128094      0.134961      0.000002
26.900000      0.132881      0.000002      0.032782      -0.130921      0.134963      0.000002
27.000000      0.132884      0.000002      0.022881      -0.133012      0.134966      0.000002
27.100000      0.132887      0.000002      0.012850      -0.134356      0.134969      0.000002
27.200000      0.132889      0.000002      0.002747      -0.134943      0.134971      0.000002
27.300000      0.132892      0.000002      -0.007372      -0.134773      0.134974      0.000002
27.400000      0.132895      0.000002      -0.017450      -0.133844      0.134977      0.000002
27.500000      0.132897      0.000002      -0.027431      -0.132163      0.134979      0.000002
27.600000      0.132900      0.000002      -0.037257      -0.129738      0.134982      0.000002
27.700000      0.132902      0.000002      -0.046875      -0.126584      0.134984      0.000002
27.800000      0.132905      0.000002      -0.056229      -0.122718      0.134987      0.000002
27.900000      0.132907      0.000002      -0.065267      -0.118162      0.134989      0.000002
28.000000      0.132910      0.000002      -0.073939      -0.112942      0.134992      0.000002
28.100000      0.132912      0.000001      -0.082195      -0.107086      0.134994      0.000002
28.200000      0.132914      0.000001      -0.089990      -0.100628      0.134997      0.000001
28.300000      0.132917      0.000001      -0.097278      -0.093604      0.134999      0.000001
28.400000      0.132919      0.000001      -0.104020      -0.086053      0.135001      0.000001
28.500000      0.132921      0.000001      -0.110178      -0.078018      0.135004      0.000001
28.600000      0.132924      0.000001      -0.115716      -0.069544      0.135006      0.000001
28.700000      0.132926      0.000001      -0.120604      -0.060679      0.135008      0.000001
28.800000      0.132928      0.000001      -0.124813      -0.051473      0.135011      0.000001
28.900000      0.132930      0.000001      -0.128322      -0.041977      0.135013      0.000001
29.000000      0.132932      0.000001      -0.131108      -0.032244      0.135015      0.000001
29.100000      0.132934      0.000001      -0.133158      -0.022330      0.135017      0.000001
29.200000      0.132937      0.000001      -0.134459      -0.012290      0.135019      0.000001
29.300000      0.132939      0.000001      -0.135004      -0.002180      0.135021      0.000001
29.400000      0.132941      0.000001      -0.134790      0.007942      0.135024      0.000001
29.500000      0.132943      0.000001      -0.133818      0.018019      0.135026      0.000001
29.600000      0.132945      0.000001      -0.132094      0.027996      0.135028      0.000001
29.700000      0.132947      0.000001      -0.129626      0.037816      0.135030      0.000001
29.800000      0.132949      0.000001      -0.126430      0.047423      0.135032      0.000001
29.900000      0.132951      0.000001      -0.122523      0.056764      0.135034      0.000001
30.000000      0.132953      0.000001      -0.117927      0.065786      0.135036      0.000001
