0 0.0
1 0.0
2 0.0
3 0.0
4 0.0
5 0.0
6 0.4657738087354888
7 0.5057521615707489
8 0.5057541763559810
9 0.5378366619748925
10 0.5378370191223363
11 0.6406763571231349
12 0.6406785381086406
13 0.6436409735826869
14 0.6629831326281052
15 0.6629833294588280
16 0.6770362345373566
17 0.6876772628232781
18 0.6876793236982504
19 0.7184537989390084
20 0.7294160680808006
21 0.7815741648448923
22 0.7815747133668052
23 0.7962608166182047
24 0.8115239772312357
25 0.8115242438989752
26 0.8354869926064554
27 0.8354873714067387
28 0.8493559424673333
29 0.8520556032427270
30 0.8520557651375709
31 0.8523037107677083
32 0.8619181879924310
33 0.8626793132656290
34 0.8654866901357925
35 0.8654869564388097
36 0.8698818725695834
37 0.8698821639899654
38 0.8945128888450582
39 0.8945131355488909
40 0.9154151973244588
41 0.9240334508046194
42 0.9267446667219169
43 0.9267451221979164
44 0.9359917924164112
45 0.9359919794614500
46 0.9499974719847402
47 0.9499979742318594
48 0.9668921188108237
49 0.9668923891940893
50 0.9675773896061017
51 0.9795108855136989
52 0.9833438999009411
53 0.9838084355431580
54 0.9921901195906818
55 0.9921905743834359
56 0.9978231215878016
57 1.0144792199266461
58 1.0183703398115842
59 1.0183704738005006
60 1.0244781542043486
61 1.0244782836550146
62 1.0317280611673165
63 1.0358375908694362
64 1.0358379893939387
65 1.0465137051327316
66 1.0465139313100755
67 1.0483199132476044
68 1.0587420239582601
69 1.0587422758072571
70 1.0620118934205651
71 1.0620119728756185
72 1.0864123913995589
73 1.0866673682568120
74 1.0866676492820238
75 1.0967675450680010
76 1.1026402734119891
77 1.1026405655608764
78 1.1187270613339164
79 1.1187270947900001
80 1.1304589369480986
81 1.1331966185553057
82 1.1372791236640551
83 1.1461967136641871
84 1.1470581151488797
85 1.1470581994174651
86 1.1512832382684406
87 1.1512832853302446
88 1.1642109300566337
89 1.1830872342416410
90 1.2007011158931356
91 1.2007012638637637
92 1.2098379060137274
93 1.2148659020406016
94 1.2148662072836240
95 1.2295339091549016
96 1.2295341306506915
97 1.2319451927323326
98 1.2374662923613895
99 1.2374664114073868
100 1.2566573202755884
101 1.2566574701706210
102 1.2694092262716801
103 1.2694094362265100
104 1.2726385482966851
105 1.2739206242469412
106 1.2814722073942848
107 1.2814722966515906
108 1.2931590913467015
109 1.3069618245921353
110 1.3069620711977816
111 1.3179017303840883
112 1.3193901373678740
113 1.3231198606085841
114 1.3375674687958008
115 1.3436259746227752
116 1.3436262629928741
117 1.3600445009620257
118 1.3651641445714513
119 1.3651644914453978
120 1.3654016950861336
121 1.3802974071299423
122 1.3802975260194756
123 1.4003112922285414
124 1.4003114429132286
125 1.4135311688458585
126 1.4141238572170560
127 1.4191452738800980
128 1.4191454948732811
129 1.4227732359767811
130 1.4350586317337419
131 1.4350590335843374
132 1.4447483133781713
133 1.4447483960176979
134 1.4462377984925237
135 1.4473340830272960
136 1.4526924654155478
137 1.4526925267248010
138 1.4751960190465498
139 1.4751962090999724
140 1.4777723651511285
141 1.4912349087679342
142 1.4912350606220734
143 1.5016670442298272
144 1.5016670924515012
145 1.5163230197654838
146 1.5344840285274655
147 1.5344842142118240
148 1.5357860076102567
149 1.5436648931067554
150 1.5519266182007259
151 1.5654946254918087
152 1.5655875749833479
153 1.5669946010554154
154 1.5669947887279172
155 1.5694994549150545
156 1.5694996591652419
157 1.5792954061900832
158 1.6010202324671885
159 1.6010203536247740
160 1.6050990393402946
161 1.6179954303441377
162 1.6179957671784664
163 1.6226040756695699
164 1.6283189688325816
165 1.6283190033792740
166 1.6436881643784080
167 1.6436884137679957
168 1.6449563922873096
169 1.6550688580464055
170 1.6550690229024791
171 1.6628537135619268
172 1.6703268358063019
173 1.6703270199731348
174 1.6843251129604841
175 1.6908615806216132
176 1.6908618768776600
177 1.6924034831579762
178 1.7027362529576473
179 1.7027362833596160
180 1.7111218513124937
181 1.7112594870399431
182 1.7112597271201031
183 1.7270722729691681
184 1.7270722980850710
185 1.7391552098652006
186 1.7395050732600073
187 1.7395052347510851
188 1.7487363812148946
189 1.7491738797871730
190 1.7491741041766398
191 1.7643561023618843
192 1.7643562028795226
193 1.7666369856953836
194 1.7704551934127477
195 1.7800510162514986
196 1.7881538531874908
197 1.7881539515914449
198 1.8017251928727656
199 1.8017253331092236
200 1.8029434295324027
201 1.8029435071007200
202 1.8187344925049653
203 1.8187346342716206
204 1.8215857486254765
205 1.8411636976056016
206 1.8411637676453980
207 1.8421104075773249
208 1.8443597174893698
209 1.8458940470066265
210 1.8458941619016440
211 1.8507829533061848
212 1.8572208143298181
213 1.8572211711892590
214 1.8581573466832444
215 1.8597871722950652
216 1.8654686590720411
217 1.8654687592718660
218 1.8699311784542139
219 1.8833146393248084
220 1.8932549671922918
221 1.8998741460414614
222 1.8998742906713146
223 1.9068798429484521
224 1.9068799419407607
225 1.9151202554241427
226 1.9224032476920174
227 1.9224033353409065
228 1.9264952738149257
229 1.9309152522706774
230 1.9309154871922236
231 1.9363972661070390
232 1.9370167436695742
233 1.9398021867760427
234 1.9398022347156372
235 1.9472512208023860
236 1.9472514191688950
237 1.9530381976369295
238 1.9530382482225128
239 1.9565631470695608
240 1.9605003914102943
241 1.9605004176363381
242 1.9630880223337281
243 1.9742324200753389
244 1.9742325480784912
245 1.9937514762910844
246 1.9937517205337771
247 2.0006860441873786
248 2.0007744210000098
249 2.0144870509934965
250 2.0144870775447199
251 2.0206728262407081
252 2.0206728347711334
253 2.0280363674631636
254 2.0310597157251258
255 2.0312752703051706
256 2.0312755007368977
257 2.0391942846528073
258 2.0454956634755757
259 2.0599736906531869
260 2.0599738287797931
261 2.0625851779888600
262 2.0685978238139775
263 2.0685979715760645
264 2.0716848900381239
265 2.0716849999187246
266 2.0776824185859080
267 2.0776826336731720
268 2.0881120373354856
269 2.0916296345048724
270 2.0916296671982950
271 2.1018621733175538
272 2.1034840835891537
273 2.1034841324512654
274 2.1082490498475615
275 2.1096933951589962
276 2.1096934490533883
277 2.1166060203754284
278 2.1166061332721440
279 2.1203179658462354
280 2.1216880271971128
281 2.1288373954447546
282 2.1318702399292659
283 2.1365487902239146
284 2.1387238057223610
285 2.1387239075767051
286 2.1439869353967254
287 2.1439870220029023
288 2.1500509637457945
289 2.1500510559273218
290 2.1534648467586162
291 2.1589479180235123
292 2.1589480378033565
293 2.1600740818213184
294 2.1600741196941238
295 2.1697552374600901
296 2.1730485723887596
297 2.1730485908708181
298 2.1832270382785879
299 2.1900635853246513
300 2.1937204244294661
301 2.1937204465164641
302 2.1972244055932113
303 2.1972244538375238
304 2.2060958791559222
305 2.2113452088288303
306 2.2138153762081210
307 2.2138154285017841
308 2.2181662801614150
309 2.2181663118064283
310 2.2205995041038471
311 2.2222894039754628
312 2.2261543649013094
313 2.2261545200288455
314 2.2389080305921620
315 2.2389081392079149
316 2.2395922814313378
317 2.2477739126471632
318 2.2477740207897061
319 2.2503836668968002
320 2.2580625583385836
321 2.2580626268917099
322 2.2677037897095502
323 2.2678692483220457
324 2.2678692898565567
325 2.2724399741354238
326 2.2724400540186536
327 2.2753998440253627
328 2.2887776965894111
329 2.2887777518856147
330 2.2898967042374250
331 2.2937304836765553
332 2.2970595902394577
333 2.3076360029359178
334 2.3076360411719601
335 2.3142677852241333
336 2.3142679162134763
337 2.3178290123814889
338 2.3198215252297656
339 2.3198216002423897
340 2.3234607736806732
341 2.3255695758257291
342 2.3300314309684835
343 2.3300315406537813
344 2.3330046128308624
345 2.3330046391832813
346 2.3401726394995497
347 2.3410659227307753
348 2.3437592198718331
349 2.3437592628229327
350 2.3482723913553745
351 2.3545649738501182
352 2.3545651309499886
353 2.3608416813311344
354 2.3608417766056227
355 2.3637779264223249
356 2.3645470018847456
357 2.3667480292954344
358 2.3667480401961583
359 2.3723720042481506
360 2.3723720327288937
361 2.3758719680024587
362 2.3822215531729030
363 2.3822217171656557
364 2.3844422746207421
365 2.3928329424356773
366 2.3928329673076796
367 2.4011310988371051
368 2.4036280713756382
369 2.4036281188069943
370 2.4037917868060350
371 2.4096584097991927
372 2.4096584213268355
373 2.4164090386576378
374 2.4236470856054217
375 2.4285800485221065
376 2.4285801022368445
377 2.4312452688822557
378 2.4338068902005521
379 2.4338070027058065
380 2.4408321704751388
381 2.4408321994195736
382 2.4413405704359294
383 2.4458250075288852
384 2.4569048882580211
385 2.4569049914455308
386 2.4601084707356220
387 2.4601085047102398
388 2.4711268821276811
389 2.4711269803337639
390 2.4747664981769399
391 2.4752277281812933
392 2.4877327485203558
393 2.4877328126913691
394 2.4974712998160000
395 2.4974713581134877
396 2.5019531906596830
397 2.5119764558074507
398 2.5193970785104236
399 2.5193971998074320
400 2.5211624046942309
401 2.5229732360719264
402 2.5229732916345697
403 2.5321250728602500
404 2.5321251376590048
405 2.5324493483770061
406 2.5434653410196866
407 2.5434654319911236
408 2.5470752891625557
409 2.5513250068758482
410 2.5513250628372588
411 2.5565906655988635
412 2.5575059411631860
413 2.5575059681257666
414 2.5722011230928632
415 2.5795099792163709
416 2.5795100130264630
417 2.5824642221829430
418 2.5827091680136998
419 2.5827092232980791
420 2.5926833952541011
421 2.6008833383351209
422 2.6146619910990263
423 2.6156217880657464
424 2.6156218107904663
425 2.6236693917146026
426 2.6236695072003844
427 2.6310491021273643
428 2.6312810879017614
429 2.6312811323566829
430 2.6360172865617093
431 2.6362782037221129
432 2.6362783492786805
433 2.6385100141737685
434 2.6430549424381407
435 2.6430550839927798
436 2.6514503636809881
437 2.6570683241764774
438 2.6570684688692947
439 2.6682687823785600
440 2.6682688687852907
441 2.6696612026078967
442 2.6696612736050800
443 2.6708890238468124
444 2.6814924170479082
445 2.6814924562918816
446 2.6982748349760524
447 2.6982748807402950
448 2.7130622207241459
449 2.7130622538660290
450 2.7160172241034592
451 2.7172886901035413
452 2.7172886978351007
453 2.7197966158255169
454 2.7410917791842677
455 2.7428014639893923
456 2.7428015904623737
457 2.7689122078394117
458 2.7712153372639072
459 2.7712153889696625
460 2.7812391272838277
461 2.7812392252396938
462 2.7823336515974368
463 2.7845121376361264
464 2.7947162433505377
465 2.7947162704349497
466 2.7963322609027239
467 2.7980386080796431
468 2.8027018224735172
469 2.8027019400537232
470 2.8273823774295996
471 2.8319483588322862
472 2.8319484105450758
473 2.8367640991051908
474 2.8387241506063554
475 2.8387241605024998
476 2.8548158498996945
477 2.8548159032662661
478 2.8646984415717571
479 2.8646985810616936
480 2.8652409347118213
481 2.8718493528153370
482 2.8718494479385903
483 2.8725421951504400
484 2.8731802609394870
485 2.8872630847606389
486 2.8872631046392669
487 2.8911927027834725
488 2.8911927593305027
489 2.8953605694110940
490 2.8982396946290172
491 2.8982398430084810
492 2.9089770451296637
493 2.9101533823916879
494 2.9101533944618172
495 2.9215798367703529
496 2.9215798978863026
497 2.9323775571509612
498 2.9412660994508402
499 2.9519046974215968
500 2.9519048273332680
501 2.9542898799644153
502 2.9561044165834574
503 2.9610222067610170
504 2.9610222475292667
505 2.9732323875238564
506 2.9732324416286797
507 2.9866652508201423
508 2.9866652811508669
509 3.0063917302324494
510 3.0083285300681841
511 3.0083285641223552
512 3.0120130185908187
513 3.0160202199643926
514 3.0209538561234557
515 3.0359718647352962
516 3.0449034113581348
517 3.0449034705589808
518 3.0533998015143955
519 3.0715910761505532
520 3.0715911313743791
521 3.0733686175456700
522 3.0880130247169508
523 3.0883171624299570
524 3.0883172364207270
525 3.0963495470564841
526 3.1044799601043014
527 3.1044799762432720
528 3.1107958356029317
529 3.1183784910408234
530 3.1183785355063343
531 3.1294329634932705
532 3.1360461223397214
533 3.1360461626243548
534 3.1386115844143601
535 3.1386117267667450
536 3.1549321052042627
537 3.1605487258546927
538 3.1605488061913531
539 3.1707184261647807
540 3.1794837267597682
541 3.1794839930974459
542 3.1863699234810561
543 3.1947613413566383
544 3.1947613659287568
545 3.2065806974299105
546 3.2195121090461236
547 3.2255657118127243
548 3.2255657244291163
549 3.2288125358117492
550 3.2288125801783507
551 3.2642574412681489
552 3.2707066765359354
553 3.2707067033830763
554 3.2751024839756067
555 3.2751025392818245
556 3.2867155456264103
557 3.2925630166851025
558 3.2925630271585900
559 3.2968997934213689
560 3.3041573196672847
561 3.3041573798123141
562 3.3366798567025953
563 3.3392862939023868
564 3.3392863973656133
565 3.3426459746120090
566 3.3531771753026467
567 3.3750854268105623
568 3.3887451270038640
569 3.3887451362267331
570 3.4149329801218196
571 3.4226282314760388
572 3.4226282652956415
573 3.4277522920147212
574 3.4305632567680244
575 3.4424869408063712
576 3.4424870530391551
577 3.4499635802962181
578 3.4499636157444025
579 3.4709089569947733
580 3.5150515844488388
581 3.5150515989048539
582 3.5261695256307295
583 3.5261695543913647
584 3.5365866588635004
585 3.5389808844648418
586 3.5473758086249174
587 3.5593033760813642
588 3.5593033911279122
589 3.5744003790779146
590 3.5830997056465574
591 3.5840387563043277
592 3.5864482253229237
593 3.5864482732248826
594 3.5950285150983530
595 3.6065306015428935
596 3.6065306233221781
597 3.6260332355320095
598 3.6260332601559035
599 3.6596518523619963
600 3.6596519199841993
601 3.6627029777201257
602 3.6890420911748594
603 3.7027360880440936
604 3.7235691861431017
605 3.7235692403798413
606 3.7265683625942447
607 3.7570325963694122
608 3.7820610746824985
609 3.7956245692128174
610 3.7956245919957499
611 3.8139558997889096
612 3.8139559180791465
613 3.8326147769192058
614 3.8363613801426695
615 3.8408120274583046
616 3.8408120435714359
617 3.8806493542481633
618 3.9277317796501099
619 3.9277318405769397
620 3.9915995553241030
621 4.0314291879745943
622 4.0314292365624675
623 4.0360054172251134
624 4.0360054589254757
625 4.0653601974536961
626 4.0858470313833646
627 4.0858470541016185
628 4.1037466048723852
629 4.1213214120861181
630 4.1213214228766617
631 4.1263178505235381
632 4.1321548057785868
633 4.1321549066553036
634 4.1602856964336494
635 4.1655335654112040
636 4.1794057856558338
637 4.1794058135076684
638 4.1868640910951020
639 4.1868641604952783
640 4.2005876951937751
641 4.2030125374334650
642 4.2057714032199671
643 4.2057714389499727
644 4.2105408233950872
645 4.2223792019769757
646 4.2223792268879921
647 4.2299915196704410
648 4.2343586366338943
649 4.2343586903701915
650 4.2755254081929133
651 4.2755254446912287
652 4.3022989520074821
653 4.3022990567242925
654 4.3094141764385370
655 4.3107055845840820
656 4.3107057608648436
657 4.3166253047789009
658 4.3837965922522075
659 4.3944760260158562
660 4.3944760535344765
661 4.4052315861765843
662 4.4148757195084265
663 4.4148757441385351
664 4.4185614974489278
665 4.4235003405209836
666 4.4235004028714666
667 4.4353097005722182
668 4.4353098540127025
669 4.4449695885485392
670 4.4772886577002540
671 4.4772886824812028
672 4.4849829176492344
673 4.4866911591149785
674 4.4871280683305397
675 4.4871280888022982
676 4.5025837629600769
677 4.5025838881792177
678 4.5205725419295826
679 4.5205726397411761
680 4.5227115296603193
681 4.5262989967357248
682 4.5461165510924015
683 4.5461166318330886
684 4.5772365414190341
685 4.5772365542013489
686 4.5830352161007344
687 4.5938525438695663
688 4.5949026456444413
689 4.6165000789427433
690 4.6165001231183718
691 4.6425911605158472
692 4.6457423137967053
693 4.6457423443741437
694 4.6508507462991933
695 4.6634300418699377
696 4.6634302231276621
697 4.6748310503392219
698 4.6872572992872952
699 4.6872573485829152
700 4.6988592930431183
701 4.7038790203461076
702 4.7038790222332860
703 4.7135653446012125
704 4.7135654252631740
705 4.7733279202063343
706 4.7766687572645825
707 4.7766688018982562
708 4.8338090486071383
709 4.8338091350715793
710 4.8457290659717964
711 4.8672849647499570
712 4.8672850454579972
713 4.8684252694614152
714 4.8698924851567202
715 4.8698925171354146
716 4.8821752148025972
717 4.9267959435500428
718 4.9267959916345898
719 4.9341573830171717
720 4.9405843351877170
721 4.9405843540970125
722 4.9480644106501996
723 4.9766198598094542
724 4.9766198767479830
725 4.9816327711071136
726 4.9904113560047199
727 4.9955782899893038
728 4.9955783156370952
729 5.0048646911337844
730 5.0083538225549056
731 5.0086435017004698
732 5.0086435423587519
733 5.0587253091779436
734 5.0587254071697911
735 5.0705528086499543
736 5.0727546390419214
737 5.0727546887726547
738 5.0795369578341996
739 5.0952670726730194
740 5.1016441225634246
741 5.1016441653712148
742 5.1550531535426432
743 5.1550531836529672
744 5.1977238124398788
745 5.2342411971992835
746 5.2342412220949424
747 5.2494417831439719
748 5.2577863313707818
749 5.2577863721368105
750 5.2674703196192478
751 5.2757989615829484
752 5.2757989975809387
753 5.2822519608279652
754 5.3000565937533572
755 5.3000566113613505
756 5.3211373228521932
757 5.3241781415056337
758 5.3241782004361138
759 5.3401363970488758
760 5.3401364270001057
761 5.3540392082519732
762 5.3707342599209866
763 5.3744511781073481
764 5.3744512064197210
765 5.3813600341033805
766 5.3813600464233184
767 5.3836887814383649
768 5.4071289358577728
769 5.4071289577956323
770 5.4510603514755971
771 5.4695386598012776
772 5.4695386736207761
773 5.4766513093963898
774 5.4768116065399921
775 5.4768116176280843
776 5.4770795638704044
777 5.4989616433135691
778 5.5038787600928005
779 5.5038787902310942
780 5.5118878221131524
781 5.5118878527435688
782 5.5474263312245951
783 5.5651342078928883
784 5.5651342139230939
785 5.5654606612139776
786 5.6814638726774742
787 5.6814639045300375
788 5.7156157895482895
789 5.7156158008850326
790 5.7320649699927264
791 5.7406957703818033
792 5.7406957893363799
793 5.7575193100286439
794 5.7577612949043697
795 5.7579991724248956
796 5.7579992012542220
797 5.7757396733888182
798 5.7821688988071784
799 5.7821689232362736
800 5.8095009699095188
801 5.8121519431277795
802 5.8122813796724166
803 5.8122814181514109
804 5.8243176978661575
805 5.8243177092738021
806 5.8319343768692553
807 5.8384236488219186
808 5.8384236581402087
809 5.8499820438090255
810 5.8544101802524935
811 5.8544101951138678
812 5.8608017309515112
813 5.8631127491280237
814 5.8631127519677309
815 5.8826529687068172
816 5.8826529814380901
817 5.8879536186523325
818 5.9141739157806850
819 5.9141739281144954
820 5.9172231813734486
821 5.9311997245673567
822 5.9311997415542939
823 5.9396753840452394
824 5.9396754202941420
825 5.9505090804713907
826 5.9505090918280370
827 5.9644130502764137
828 5.9644130556602679
829 5.9762742462509930
830 5.9782050993921683
831 5.9869555078305270
832 5.9869555167131141
833 6.0068360638067899
834 6.0082575992531231
835 6.0082576291454570
836 6.0335733390198145
837 6.0374888025461004
838 6.0401904705762526
839 6.0401904749873125
840 6.0419169657929634
841 6.0419169805400879
842 6.0523792855797041
843 6.0523793136322839
844 6.0607442286684536
845 6.0728238103551568
846 6.0784715824634894
847 6.0880258137413321
848 6.0950465439350952
849 6.0950465672936396
850 6.1092258945379632
851 6.1103966455049070
852 6.1103966537199836
853 6.1217210496911019
854 6.1217210931077242
855 6.1303858312216786
856 6.1303858331077850
857 6.1465410638190940
858 6.1499257732433650
859 6.1572097419850058
860 6.1575361398485606
861 6.1575361552376364
862 6.1628908722140281
863 6.1661851426438874
864 6.1661851710861937
865 6.1812457338706341
866 6.1812457686872397
867 6.1953908050758635
868 6.1987169882419400
869 6.2198550795233958
870 6.2198551038402314
871 6.2276355641554737
872 6.2289111965071093
873 6.2289112344819220
874 6.2533657586561926
875 6.2533657653492760
876 6.2541927028242990
877 6.2632878804570060
878 6.2632879042298724
879 6.2727474314977743
880 6.2773464160040175
881 6.2773464329397051
882 6.2821986097914175
883 6.2977983335024712
884 6.2977983473137034
885 6.3063676709750238
886 6.3130057569588995
887 6.3130057661785530
888 6.3334443425964944
889 6.3334443549068355
890 6.3435357659323826
891 6.3479983415113335
892 6.3479983509377984
893 6.3497110785860542
894 6.3628347367564277
895 6.3647762841224695
896 6.3647763028848185
897 6.3750033107501878
898 6.3813094697785449
899 6.3821465343755879
900 6.3823415177462017
901 6.3823415248480693
902 6.3986613035944959
903 6.4142352285686774
904 6.4142352480614715
905 6.4378417444717577
906 6.4473288583723480
907 6.4473288636221771
908 6.4541434866256164
909 6.4618623610757666
910 6.4618623697215325
911 6.4634481596693441
912 6.4881455385764051
913 6.4881455590291077
914 6.5040639030305929
915 6.5040639109352369
916 6.5131859976175654
917 6.5165379230079692
918 6.5165379491255777
919 6.5193289004106258
920 6.5193289203318168
921 6.5204078881643435
922 6.5311975057831901
923 6.5397448649750780
924 6.5432045700238000
925 6.5432045877130909
926 6.5763403577673829
927 6.5763403640082796
928 6.5774447293023259
929 6.5824507711457123
930 6.5824507864153086
931 6.6083668770457145
932 6.6083668838465170
933 6.6136272258357707
934 6.6204370751699235
935 6.6204371265191178
936 6.6205827480254289
937 6.6205827667086092
938 6.6225115239428831
939 6.6287632771647207
940 6.6287633255095724
941 6.6369016824901577
942 6.6389182024621238
943 6.6410098528523349
944 6.6410098609094161
945 6.6447824643429430
946 6.6557895680413743
947 6.6557896342268812
948 6.6566543541885137
949 6.6634670203445658
950 6.6634670649733962
951 6.6671667137268740
952 6.6706837409468012
953 6.6706837493478659
954 6.6733898469578463
955 6.6792886546819705
956 6.6837632200671475
957 6.6845233496771703
958 6.6877286532978806
959 6.6877287076789225
960 6.6895048195623836
961 6.6895048737925231
962 6.6914375431298669
963 6.6919312270107980
964 6.6919312434790941
965 6.6923099324421615
966 6.7062974238690369
967 6.7062974498574999
968 6.7100010123702347
969 6.7100010268728054
970 6.7146971905112673
971 6.7146972339419513
972 6.7148349330568387
973 6.7156435650596267
974 6.7156436202256895
975 6.7179616382474014
976 6.7217061977728711
977 6.7224796908530005
978 6.7224796978942472
979 6.7250863134749483
980 6.7250863207371205
981 6.7261168273789531
982 6.7261441006960192
983 6.7293652482522939
984 6.7338816991792410
985 6.7353287164490903
986 6.7353287293088977
987 6.7433721361279924
988 6.7433721653703138
989 6.7436705645464947
990 6.7467554743208442
991 6.7467555162218273
992 6.7512452953520494
993 6.7523438452568518
994 6.7523438563665845
995 6.7583199836416314
996 6.7603166558249468
997 6.7628384921591822
998 6.7628384950834350
999 6.7650083653715365
1000 6.7667987250215011
1001 6.7667987429084775
1002 6.7724660392228779
1003 6.7746020587188500
1004 6.7746020726127396
1005 6.7768223130736436
1006 6.7771067012915767
1007 6.7771067218593979
1008 6.7787189622449402
1009 6.7799552135408323
1010 6.7799552272411896
1011 6.7801686245711155
1012 6.7844786444488028
1013 6.7844786733111029
1014 6.7933002320694786
1015 6.7971877830077352
1016 6.7971877882266423
1017 6.7986312561729330
1018 6.8020425412879941
1019 6.8020425454561773
1020 6.8044215525103819
1021 6.8056285143931197
1022 6.8056285280344122
1023 6.8120975236187480
1024 6.8130072620199957
1025 6.8130072650009135
1026 6.8208879354791563
1027 6.8220136006601191
1028 6.8220573619082892
1029 6.8220573950097814
1030 6.8244243600999166
1031 6.8244243779025524
1032 6.8257790936778600
1033 6.8258094501926285
1034 6.8258094600505101
1035 6.8276725776677178
1036 6.8315705932349893
1037 6.8315706050809597
1038 6.8372059885828200
1039 6.8390758709260826
1040 6.8390758829160703
1041 6.8404466587348729
1042 6.8422781898037508
1043 6.8422781988259072
1044 6.8460377494789162
1045 6.8460377584691861
1046 6.8464541386593769
1047 6.8529072811261349
1048 6.8529072851698940
1049 6.8548824002245450
1050 6.8548824165275644
1051 6.8569498846872063
1052 6.8570497512655457
1053 6.8614054890965290
1054 6.8630508728227708
1055 6.8630508883083330
1056 6.8631556981489803
1057 6.8631557011406432
1058 6.8669968572621087
1059 6.8669968656074207
1060 6.8672002565439918
1061 6.8705965611628681
1062 6.8705965824240378
1063 6.8727728470011984
1064 6.8794062766292239
1065 6.8794063144648314
1066 6.8800925999292657
1067 6.8848970692808127
1068 6.8881886792969782
1069 6.8881886934613998
1070 6.8903342423273202
1071 6.8918345517542043
1072 6.8918345794498590
1073 6.8990358040618274
1074 6.8990358195265005
1075 6.8996373478139992
1076 6.9001801606628970
1077 6.9028411194481718
1078 6.9028411317388665
1079 6.9126798617273648
1080 6.9126798671619127
1081 6.9167602020179180
1082 6.9167602033256772
1083 6.9185000157576599
1084 6.9185749971567212
1085 6.9185750239834718
1086 6.9186700291945114
1087 6.9269721466304377
1088 6.9269721726448727
1089 6.9275717118880928
1090 6.9319306505783116
1091 6.9342911024898219
1092 6.9372125391261221
1093 6.9372125577846724
1094 6.9388888966228910
1095 6.9388889088526282
1096 6.9405245987888780
1097 6.9423421462470909
1098 6.9432845442576561
1099 6.9432845593808477
1100 6.9444340372072908
1101 6.9451434365713824
1102 6.9451434506977989
1103 6.9509507369840211
1104 6.9548881546759951
1105 6.9548881731276246
1106 6.9593705330696629
1107 6.9593705367204972
1108 6.9623522163182399
1109 6.9650731049400942
1110 6.9665198875746981
1111 6.9672216653190295
1112 6.9672216933706403
1113 6.9697130589053478
1114 6.9709380206024347
1115 6.9709380634326239
1116 6.9755644457384172
1117 6.9755644796687664
1118 6.9776030536258551
1119 6.9821825880862693
1120 6.9821825948041907
1121 6.9868494228332985
1122 6.9871386696463063
1123 6.9926747402063629
1124 6.9926747535849234
1125 6.9939357937687854
1126 6.9968937214580329
1127 6.9968937441209160
1128 7.0022390325756154
1129 7.0022390940216361
1130 7.0027874434299013
1131 7.0028739307131014
1132 7.0072841373414878
1133 7.0072841458786845
1134 7.0085209715149350
1135 7.0124943821179082
1136 7.0124944064796306
1137 7.0149733148087643
1138 7.0213426166534072
1139 7.0237988838379080
1140 7.0237988878113367
1141 7.0259476105895713
1142 7.0278001355765305
1143 7.0319773456756076
1144 7.0330047519672734
1145 7.0330047729114877
1146 7.0352811085252576
1147 7.0352811366898216
1148 7.0410299136354499
1149 7.0410299326057997
1150 7.0457293740988307
1151 7.0457293825566252
1152 7.0477332464959952
1153 7.0554692460961013
1154 7.0584270946774250
1155 7.0584271246407422
1156 7.0629601925704675
1157 7.0702678171156350
1158 7.0719605867849253
1159 7.0719605969278190
1160 7.0747742904309296
1161 7.0747743415865276
1162 7.0810072551722900
1163 7.0810072703496374
1164 7.0812557882052287
1165 7.0832018961620413
1166 7.0854010680052584
1167 7.0854011414776741
1168 7.0880314661603725
1169 7.0884548679284407
1170 7.0884549202278304
1171 7.0940555440698123
1172 7.0940555951468003
1173 7.0940820067049382
1174 7.0963827277888312
1175 7.0966842637606966
1176 7.0966843105744619
1177 7.1005143189399158
1178 7.1083800542465170
1179 7.1083801153219914
1180 7.1101727343200798
1181 7.1101727919032625
1182 7.1136595872992041
1183 7.1136596205247793
1184 7.1161114322647556
1185 7.1178301809685154
1186 7.1178302419597292
1187 7.1183477744695631
1188 7.1218372196669124
1189 7.1218372756805080
1190 7.1301568019146444
1191 7.1301568074454513
1192 7.1313873662430796
1193 7.1368883453094298
1194 7.1376761678487100
1195 7.1377882373086088
1196 7.1377882629260885
1197 7.1426006487064919
1198 7.1426006841847451
1199 7.1434784469266388
1200 7.1489087137767413
1201 7.1494384978464121
1202 7.1521099770570684
1203 7.1521100542867035
1204 7.1633050692592475
1205 7.1642252084388289
1206 7.1642252813645824
1207 7.1707740801550033
1208 7.1709612087710530
1209 7.1709612347098499
1210 7.1757587897023338
1211 7.1757588126488789
1212 7.1758390274661892
1213 7.1802589929570164
1214 7.1802590163224371
1215 7.1859360976195878
1216 7.1859361247450515
1217 7.1872462413434786
1218 7.1884825614830401
1219 7.1884825918489055
1220 7.1898235807993096
1221 7.1910246212612829
1222 7.1910247081245267
1223 7.1959711978465091
1224 7.1984667229226051
1225 7.2004357396339262
1226 7.2004357445063674
1227 7.2018047465436021
1228 7.2042476481167599
1229 7.2042476920330731
1230 7.2079708161441571
1231 7.2079708642453930
1232 7.2180810007177270
1233 7.2180810674012177
1234 7.2185672842558244
1235 7.2192657215442457
1236 7.2221273896821216
1237 7.2245640819501808
1238 7.2265796363646588
1239 7.2269891923570313
1240 7.2269892278504173
1241 7.2371174802404621
1242 7.2371175071474525
1243 7.2408863723248356
1244 7.2433973340539737
1245 7.2433974289732399
1246 7.2446985560088377
1247 7.2484870686942751
1248 7.2484871127102002
1249 7.2516381534786705
1250 7.2516381899203148
1251 7.2553292339724731
1252 7.2553292566782472
1253 7.2578357070844239
1254 7.2590774323772216
1255 7.2590774890252154
1256 7.2620739004028856
1257 7.2676754543841469
1258 7.2676755166473956
1259 7.2690927616816392
1260 7.2698105368150792
1261 7.2854787920895427
1262 7.2938444011317110
1263 7.2938445098375313
1264 7.2997809785597427
1265 7.2997809823334938
1266 7.3038376308753232
1267 7.3038377513945187
1268 7.3063062562055148
1269 7.3097729299041410
1270 7.3164469277697659
1271 7.3164470340157770
1272 7.3194762606618342
1273 7.3204195033879058
1274 7.3204195414943145
1275 7.3290811630663013
1276 7.3296474475046773
1277 7.3387502290723940
1278 7.3392215593423673
1279 7.3406810869911139
1280 7.3406811606939160
1281 7.3416110738661073
1282 7.3416111731014224
1283 7.3486980609099923
1284 7.3486981070463653
1285 7.3562422245472092
1286 7.3562423023584911
1287 7.3575545862819096
1288 7.3689814408636121
1289 7.3699984721268859
1290 7.3699985695150625
1291 7.3754301515331839
1292 7.3754301809888103
1293 7.3758692185869146
1294 7.3802699631685069
1295 7.3802700589667154
1296 7.4168314252459924
1297 7.4168314612561499
1298 7.4204675972417125
1299 7.4204676517514789
1300 7.4271870498521402
1301 7.4351169048026122
1302 7.4351170730014955
1303 7.4369193843636108
1304 7.4402253057236596
1305 7.4416791931421749
1306 7.4479571147956802
1307 7.4635334489416234
1308 7.4674327419776585
1309 7.4674327472405730
1310 7.4687364658860718
1311 7.4687365079522241
1312 7.4986234877436369
1313 7.4986236223407241
1314 7.5165495817090529
1315 7.5168133137904363
1316 7.5268403966392601
1317 7.5268404188028715
1318 7.5322135973561073
1319 7.5322137862736733
1320 7.5325944908829667
1321 7.5639085454468580
1322 7.5786887481323966
1323 7.5786887586565639
1324 7.5980840894521773
1325 7.5980842485648461
1326 7.6142656655121703
1327 7.6191261937678334
1328 7.6191263027227247
1329 7.6850026063652255
1330 7.6850028951749945
1331 7.6868579104900006
