# w,    rate k
0.000000       0.010025
0.010000       0.010015
0.020000       0.010004
0.030000       0.009991
0.040000       0.009978
0.050000       0.009965
0.060000       0.009952
0.070000       0.009939
0.080000       0.009928
0.090000       0.009918
0.100000       0.009909
0.110000       0.009903
0.120000       0.009898
0.130000       0.009895
0.140000       0.009894
0.150000       0.009894
0.160000       0.009895
0.170000       0.009897
0.180000       0.009900
0.190000       0.009903
0.200000       0.009905
0.210000       0.009907
0.220000       0.009907
0.230000       0.009906
0.240000       0.009903
0.250000       0.009898
0.260000       0.009891
0.270000       0.009882
0.280000       0.009871
0.290000       0.009857
0.300000       0.009842
0.310000       0.009825
0.320000       0.009808
0.330000       0.009789
0.340000       0.009771
0.350000       0.009753
0.360000       0.009736
0.370000       0.009721
0.380000       0.009707
0.390000       0.009696
0.400000       0.009688
0.410000       0.009682
0.420000       0.009680
0.430000       0.009682
0.440000       0.009686
0.450000       0.009694
0.460000       0.009705
0.470000       0.009718
0.480000       0.009734
0.490000       0.009751
0.500000       0.009769
0.510000       0.009787
0.520000       0.009805
0.530000       0.009821
0.540000       0.009836
0.550000       0.009849
0.560000       0.009858
0.570000       0.009864
0.580000       0.009866
0.590000       0.009863
0.600000       0.009856
0.610000       0.009845
0.620000       0.009829
0.630000       0.009808
0.640000       0.009783
0.650000       0.009755
0.660000       0.009723
0.670000       0.009688
0.680000       0.009651
0.690000       0.009613
0.700000       0.009574
0.710000       0.009534
0.720000       0.009496
0.730000       0.009458
0.740000       0.009422
0.750000       0.009388
0.760000       0.009357
0.770000       0.009328
0.780000       0.009303
0.790000       0.009281
0.800000       0.009262
0.810000       0.009246
0.820000       0.009233
0.830000       0.009223
0.840000       0.009215
0.850000       0.009209
0.860000       0.009205
0.870000       0.009202
0.880000       0.009199
0.890000       0.009197
0.900000       0.009195
0.910000       0.009192
0.920000       0.009189
0.930000       0.009184
0.940000       0.009179
0.950000       0.009172
0.960000       0.009164
0.970000       0.009155
0.980000       0.009145
0.990000       0.009134
1.000000       0.009122
1.010000       0.009109
1.020000       0.009096
1.030000       0.009084
1.040000       0.009071
1.050000       0.009059
1.060000       0.009047
1.070000       0.009036
1.080000       0.009026
1.090000       0.009017
1.100000       0.009009
1.110000       0.009001
1.120000       0.008994
1.130000       0.008988
1.140000       0.008982
1.150000       0.008975
1.160000       0.008969
1.170000       0.008962
1.180000       0.008954
1.190000       0.008945
1.200000       0.008934
1.210000       0.008921
1.220000       0.008907
1.230000       0.008891
1.240000       0.008872
1.250000       0.008852
1.260000       0.008829
1.270000       0.008805
1.280000       0.008778
1.290000       0.008751
1.300000       0.008722
1.310000       0.008693
1.320000       0.008664
1.330000       0.008634
1.340000       0.008606
1.350000       0.008578
1.360000       0.008551
1.370000       0.008527
1.380000       0.008504
1.390000       0.008484
1.400000       0.008466
1.410000       0.008451
1.420000       0.008438
1.430000       0.008428
1.440000       0.008420
1.450000       0.008414
1.460000       0.008410
1.470000       0.008407
1.480000       0.008406
1.490000       0.008404
1.500000       0.008403
1.510000       0.008402
1.520000       0.008399
1.530000       0.008395
1.540000       0.008389
1.550000       0.008381
1.560000       0.008370
1.570000       0.008356
1.580000       0.008339
1.590000       0.008318
1.600000       0.008295
1.610000       0.008267
1.620000       0.008237
1.630000       0.008204
1.640000       0.008167
1.650000       0.008129
1.660000       0.008088
1.670000       0.008046
1.680000       0.008003
1.690000       0.007959
1.700000       0.007915
1.710000       0.007871
1.720000       0.007827
1.730000       0.007785
1.740000       0.007745
1.750000       0.007706
1.760000       0.007670
1.770000       0.007635
1.780000       0.007604
1.790000       0.007575
1.800000       0.007548
1.810000       0.007524
1.820000       0.007502
1.830000       0.007483
1.840000       0.007466
1.850000       0.007450
1.860000       0.007437
1.870000       0.007424
1.880000       0.007413
1.890000       0.007403
1.900000       0.007393
1.910000       0.007383
1.920000       0.007374
1.930000       0.007364
1.940000       0.007354
1.950000       0.007343
1.960000       0.007331
1.970000       0.007319
1.980000       0.007306
1.990000       0.007292
2.000000       0.007277
2.010000       0.007261
2.020000       0.007244
2.030000       0.007226
2.040000       0.007207
2.050000       0.007188
2.060000       0.007168
2.070000       0.007147
2.080000       0.007126
2.090000       0.007105
2.100000       0.007083
2.110000       0.007061
2.120000       0.007039
2.130000       0.007017
2.140000       0.006995
2.150000       0.006973
2.160000       0.006951
2.170000       0.006929
2.180000       0.006907
2.190000       0.006885
2.200000       0.006864
2.210000       0.006842
2.220000       0.006821
2.230000       0.006800
2.240000       0.006778
2.250000       0.006757
2.260000       0.006735
2.270000       0.006713
2.280000       0.006691
2.290000       0.006669
2.300000       0.006645
2.310000       0.006622
2.320000       0.006598
2.330000       0.006572
2.340000       0.006546
2.350000       0.006520
2.360000       0.006492
2.370000       0.006463
2.380000       0.006433
2.390000       0.006402
2.400000       0.006370
2.410000       0.006337
2.420000       0.006303
2.430000       0.006269
2.440000       0.006234
2.450000       0.006198
2.460000       0.006162
2.470000       0.006126
2.480000       0.006090
2.490000       0.006055
2.500000       0.006020
2.510000       0.005987
2.520000       0.005954
2.530000       0.005923
2.540000       0.005893
2.550000       0.005865
2.560000       0.005840
2.570000       0.005816
2.580000       0.005794
2.590000       0.005775
2.600000       0.005757
2.610000       0.005742
2.620000       0.005729
2.630000       0.005717
2.640000       0.005707
2.650000       0.005698
2.660000       0.005689
2.670000       0.005682
2.680000       0.005674
2.690000       0.005666
2.700000       0.005657
2.710000       0.005647
2.720000       0.005636
2.730000       0.005622
2.740000       0.005607
2.750000       0.005589
2.760000       0.005569
2.770000       0.005546
2.780000       0.005520
2.790000       0.005491
2.800000       0.005460
2.810000       0.005426
2.820000       0.005389
2.830000       0.005351
2.840000       0.005311
2.850000       0.005269
2.860000       0.005227
2.870000       0.005183
2.880000       0.005140
2.890000       0.005097
2.900000       0.005055
2.910000       0.005014
2.920000       0.004974
2.930000       0.004936
2.940000       0.004900
2.950000       0.004867
2.960000       0.004836
2.970000       0.004807
2.980000       0.004781
2.990000       0.004757
3.000000       0.004735
3.010000       0.004716
3.020000       0.004698
3.030000       0.004682
3.040000       0.004667
3.050000       0.004653
3.060000       0.004640
3.070000       0.004627
3.080000       0.004614
3.090000       0.004600
3.100000       0.004587
3.110000       0.004572
3.120000       0.004557
3.130000       0.004541
3.140000       0.004523
3.150000       0.004505
3.160000       0.004486
3.170000       0.004466
3.180000       0.004446
3.190000       0.004425
3.200000       0.004404
3.210000       0.004382
3.220000       0.004361
3.230000       0.004341
3.240000       0.004321
3.250000       0.004302
3.260000       0.004284
3.270000       0.004267
3.280000       0.004252
3.290000       0.004237
3.300000       0.004224
3.310000       0.004212
3.320000       0.004200
3.330000       0.004189
3.340000       0.004179
3.350000       0.004169
3.360000       0.004158
3.370000       0.004147
3.380000       0.004135
3.390000       0.004122
3.400000       0.004108
3.410000       0.004092
3.420000       0.004074
3.430000       0.004053
3.440000       0.004030
3.450000       0.004005
3.460000       0.003978
3.470000       0.003948
3.480000       0.003915
3.490000       0.003881
3.500000       0.003845
3.510000       0.003807
3.520000       0.003768
3.530000       0.003729
3.540000       0.003689
3.550000       0.003649
3.560000       0.003610
3.570000       0.003571
3.580000       0.003534
3.590000       0.003499
3.600000       0.003466
3.610000       0.003435
3.620000       0.003406
3.630000       0.003380
3.640000       0.003357
3.650000       0.003337
3.660000       0.003320
3.670000       0.003305
3.680000       0.003293
3.690000       0.003283
3.700000       0.003275
3.710000       0.003268
3.720000       0.003263
3.730000       0.003259
3.740000       0.003255
3.750000       0.003251
3.760000       0.003247
3.770000       0.003243
3.780000       0.003237
3.790000       0.003231
3.800000       0.003223
3.810000       0.003214
3.820000       0.003203
3.830000       0.003190
3.840000       0.003175
3.850000       0.003159
3.860000       0.003141
3.870000       0.003121
3.880000       0.003100
3.890000       0.003078
3.900000       0.003054
3.910000       0.003030
3.920000       0.003006
3.930000       0.002981
3.940000       0.002956
3.950000       0.002931
3.960000       0.002906
3.970000       0.002882
3.980000       0.002858
3.990000       0.002835
4.000000       0.002813
4.010000       0.002792
4.020000       0.002771
4.030000       0.002752
4.040000       0.002733
4.050000       0.002715
4.060000       0.002697
4.070000       0.002680
4.080000       0.002664
4.090000       0.002647
4.100000       0.002631
4.110000       0.002615
4.120000       0.002599
4.130000       0.002582
4.140000       0.002566
4.150000       0.002549
4.160000       0.002532
4.170000       0.002514
4.180000       0.002496
4.190000       0.002478
4.200000       0.002459
4.210000       0.002440
4.220000       0.002420
4.230000       0.002401
4.240000       0.002381
4.250000       0.002361
4.260000       0.002342
4.270000       0.002322
4.280000       0.002303
4.290000       0.002284
4.300000       0.002266
4.310000       0.002248
4.320000       0.002230
4.330000       0.002214
4.340000       0.002197
4.350000       0.002182
4.360000       0.002167
4.370000       0.002153
4.380000       0.002140
4.390000       0.002127
4.400000       0.002115
4.410000       0.002103
4.420000       0.002093
4.430000       0.002082
4.440000       0.002072
4.450000       0.002063
4.460000       0.002053
4.470000       0.002045
4.480000       0.002036
4.490000       0.002027
4.500000       0.002018
4.510000       0.002010
4.520000       0.002001
4.530000       0.001992
4.540000       0.001983
4.550000       0.001974
4.560000       0.001964
4.570000       0.001955
4.580000       0.001945
4.590000       0.001934
4.600000       0.001923
4.610000       0.001912
4.620000       0.001901
4.630000       0.001889
4.640000       0.001877
4.650000       0.001865
4.660000       0.001853
4.670000       0.001840
4.680000       0.001828
4.690000       0.001815
4.700000       0.001803
4.710000       0.001791
4.720000       0.001778
4.730000       0.001766
4.740000       0.001754
4.750000       0.001743
4.760000       0.001731
4.770000       0.001720
4.780000       0.001709
4.790000       0.001698
4.800000       0.001687
4.810000       0.001677
4.820000       0.001666
4.830000       0.001655
4.840000       0.001645
4.850000       0.001634
4.860000       0.001622
4.870000       0.001611
4.880000       0.001598
4.890000       0.001586
4.900000       0.001572
4.910000       0.001558
4.920000       0.001544
4.930000       0.001529
4.940000       0.001512
4.950000       0.001496
4.960000       0.001478
4.970000       0.001461
4.980000       0.001442
4.990000       0.001424
5.000000       0.001405
5.010000       0.001386
5.020000       0.001367
5.030000       0.001349
5.040000       0.001331
5.050000       0.001313
5.060000       0.001297
5.070000       0.001281
5.080000       0.001266
5.090000       0.001253
5.100000       0.001241
5.110000       0.001230
5.120000       0.001221
5.130000       0.001212
5.140000       0.001206
5.150000       0.001200
5.160000       0.001196
5.170000       0.001192
5.180000       0.001190
5.190000       0.001188
5.200000       0.001187
5.210000       0.001186
5.220000       0.001185
5.230000       0.001184
5.240000       0.001182
5.250000       0.001180
5.260000       0.001178
5.270000       0.001174
5.280000       0.001170
5.290000       0.001164
5.300000       0.001158
5.310000       0.001150
5.320000       0.001141
5.330000       0.001131
5.340000       0.001120
5.350000       0.001108
5.360000       0.001096
5.370000       0.001083
5.380000       0.001069
5.390000       0.001055
5.400000       0.001041
5.410000       0.001028
5.420000       0.001014
5.430000       0.001001
5.440000       0.000989
5.450000       0.000977
5.460000       0.000966
5.470000       0.000956
5.480000       0.000947
5.490000       0.000939
5.500000       0.000931
5.510000       0.000925
5.520000       0.000919
5.530000       0.000914
5.540000       0.000909
5.550000       0.000905
5.560000       0.000900
5.570000       0.000896
5.580000       0.000892
5.590000       0.000888
5.600000       0.000883
5.610000       0.000878
5.620000       0.000872
5.630000       0.000866
5.640000       0.000859
5.650000       0.000851
5.660000       0.000843
5.670000       0.000834
5.680000       0.000824
5.690000       0.000815
5.700000       0.000804
5.710000       0.000794
5.720000       0.000783
5.730000       0.000773
5.740000       0.000762
5.750000       0.000752
5.760000       0.000742
5.770000       0.000732
5.780000       0.000723
5.790000       0.000715
5.800000       0.000706
5.810000       0.000699
5.820000       0.000691
5.830000       0.000684
5.840000       0.000678
5.850000       0.000672
5.860000       0.000666
5.870000       0.000660
5.880000       0.000654
5.890000       0.000648
5.900000       0.000642
5.910000       0.000635
5.920000       0.000629
5.930000       0.000622
5.940000       0.000614
5.950000       0.000606
5.960000       0.000598
5.970000       0.000590
5.980000       0.000581
5.990000       0.000572
6.000000       0.000564
6.010000       0.000555
6.020000       0.000546
6.030000       0.000538
6.040000       0.000530
6.050000       0.000523
6.060000       0.000516
6.070000       0.000511
6.080000       0.000505
6.090000       0.000501
6.100000       0.000498
6.110000       0.000495
6.120000       0.000494
6.130000       0.000493
6.140000       0.000493
6.150000       0.000493
6.160000       0.000494
6.170000       0.000495
6.180000       0.000496
6.190000       0.000497
6.200000       0.000497
6.210000       0.000498
6.220000       0.000498
6.230000       0.000497
6.240000       0.000496
6.250000       0.000493
6.260000       0.000490
6.270000       0.000486
6.280000       0.000481
6.290000       0.000476
6.300000       0.000469
6.310000       0.000462
6.320000       0.000455
6.330000       0.000447
6.340000       0.000439
6.350000       0.000430
6.360000       0.000422
6.370000       0.000415
6.380000       0.000408
6.390000       0.000401
6.400000       0.000395
6.410000       0.000390
6.420000       0.000386
6.430000       0.000382
6.440000       0.000380
6.450000       0.000379
6.460000       0.000378
6.470000       0.000378
6.480000       0.000378
6.490000       0.000379
6.500000       0.000381
6.510000       0.000382
6.520000       0.000383
6.530000       0.000384
6.540000       0.000385
6.550000       0.000385
6.560000       0.000384
6.570000       0.000382
6.580000       0.000380
6.590000       0.000376
6.600000       0.000371
6.610000       0.000365
6.620000       0.000359
6.630000       0.000351
6.640000       0.000343
6.650000       0.000333
6.660000       0.000324
6.670000       0.000314
6.680000       0.000304
6.690000       0.000294
6.700000       0.000284
6.710000       0.000275
6.720000       0.000266
6.730000       0.000258
6.740000       0.000251
6.750000       0.000245
6.760000       0.000240
6.770000       0.000237
6.780000       0.000234
6.790000       0.000233
6.800000       0.000232
6.810000       0.000233
6.820000       0.000234
6.830000       0.000236
6.840000       0.000238
6.850000       0.000241
6.860000       0.000244
6.870000       0.000247
6.880000       0.000250
6.890000       0.000252
6.900000       0.000254
6.910000       0.000255
6.920000       0.000256
6.930000       0.000255
6.940000       0.000254
6.950000       0.000252
6.960000       0.000250
6.970000       0.000246
6.980000       0.000242
6.990000       0.000237
7.000000       0.000232
7.010000       0.000226
7.020000       0.000220
7.030000       0.000214
7.040000       0.000207
7.050000       0.000201
7.060000       0.000196
7.070000       0.000190
7.080000       0.000185
7.090000       0.000181
7.100000       0.000177
7.110000       0.000173
7.120000       0.000171
7.130000       0.000168
7.140000       0.000167
7.150000       0.000166
7.160000       0.000165
7.170000       0.000165
7.180000       0.000165
7.190000       0.000165
7.200000       0.000165
7.210000       0.000166
7.220000       0.000166
7.230000       0.000166
7.240000       0.000166
7.250000       0.000166
7.260000       0.000166
7.270000       0.000165
7.280000       0.000164
7.290000       0.000163
7.300000       0.000161
7.310000       0.000160
7.320000       0.000158
7.330000       0.000156
7.340000       0.000154
7.350000       0.000153
7.360000       0.000151
7.370000       0.000149
7.380000       0.000148
7.390000       0.000146
7.400000       0.000145
7.410000       0.000144
7.420000       0.000144
7.430000       0.000143
7.440000       0.000143
7.450000       0.000142
7.460000       0.000142
7.470000       0.000142
7.480000       0.000142
7.490000       0.000142
7.500000       0.000141
7.510000       0.000140
7.520000       0.000140
7.530000       0.000139
7.540000       0.000137
7.550000       0.000135
7.560000       0.000133
7.570000       0.000131
7.580000       0.000129
7.590000       0.000126
7.600000       0.000123
7.610000       0.000119
7.620000       0.000116
7.630000       0.000113
7.640000       0.000109
7.650000       0.000106
7.660000       0.000103
7.670000       0.000100
7.680000       0.000097
7.690000       0.000094
7.700000       0.000092
7.710000       0.000090
7.720000       0.000088
7.730000       0.000087
7.740000       0.000086
7.750000       0.000085
7.760000       0.000084
7.770000       0.000083
7.780000       0.000083
7.790000       0.000082
7.800000       0.000082
7.810000       0.000081
7.820000       0.000080
7.830000       0.000080
7.840000       0.000079
7.850000       0.000078
7.860000       0.000076
7.870000       0.000075
7.880000       0.000073
7.890000       0.000071
7.900000       0.000070
7.910000       0.000068
7.920000       0.000066
7.930000       0.000064
7.940000       0.000063
7.950000       0.000061
7.960000       0.000060
7.970000       0.000059
7.980000       0.000059
7.990000       0.000059
8.000000       0.000059
8.010000       0.000060
8.020000       0.000061
8.030000       0.000062
8.040000       0.000064
8.050000       0.000066
8.060000       0.000068
8.070000       0.000070
8.080000       0.000072
8.090000       0.000074
8.100000       0.000076
8.110000       0.000078
8.120000       0.000080
8.130000       0.000081
8.140000       0.000082
8.150000       0.000082
8.160000       0.000082
8.170000       0.000081
8.180000       0.000079
8.190000       0.000078
8.200000       0.000075
8.210000       0.000072
8.220000       0.000069
8.230000       0.000065
8.240000       0.000062
8.250000       0.000058
8.260000       0.000054
8.270000       0.000050
8.280000       0.000046
8.290000       0.000042
8.300000       0.000039
8.310000       0.000036
8.320000       0.000034
8.330000       0.000032
8.340000       0.000031
8.350000       0.000030
8.360000       0.000029
8.370000       0.000029
8.380000       0.000030
8.390000       0.000030
8.400000       0.000032
8.410000       0.000033
8.420000       0.000035
8.430000       0.000036
8.440000       0.000038
8.450000       0.000040
8.460000       0.000041
8.470000       0.000042
8.480000       0.000043
8.490000       0.000044
8.500000       0.000044
8.510000       0.000044
8.520000       0.000044
8.530000       0.000043
8.540000       0.000042
8.550000       0.000041
8.560000       0.000040
8.570000       0.000038
8.580000       0.000037
8.590000       0.000035
8.600000       0.000034
8.610000       0.000032
8.620000       0.000031
8.630000       0.000030
8.640000       0.000029
8.650000       0.000029
8.660000       0.000029
8.670000       0.000029
8.680000       0.000029
8.690000       0.000030
8.700000       0.000031
8.710000       0.000032
8.720000       0.000033
8.730000       0.000034
8.740000       0.000035
8.750000       0.000036
8.760000       0.000037
8.770000       0.000038
8.780000       0.000039
8.790000       0.000039
8.800000       0.000039
8.810000       0.000039
8.820000       0.000038
8.830000       0.000037
8.840000       0.000036
8.850000       0.000035
8.860000       0.000033
8.870000       0.000031
8.880000       0.000030
8.890000       0.000028
8.900000       0.000026
8.910000       0.000024
8.920000       0.000023
8.930000       0.000021
8.940000       0.000020
8.950000       0.000019
8.960000       0.000019
8.970000       0.000019
8.980000       0.000019
8.990000       0.000019
9.000000       0.000020
9.010000       0.000021
9.020000       0.000022
9.030000       0.000024
9.040000       0.000025
9.050000       0.000027
9.060000       0.000028
9.070000       0.000030
9.080000       0.000031
9.090000       0.000032
9.100000       0.000033
9.110000       0.000033
9.120000       0.000033
9.130000       0.000033
9.140000       0.000032
9.150000       0.000032
9.160000       0.000030
9.170000       0.000029
9.180000       0.000027
9.190000       0.000025
9.200000       0.000023
9.210000       0.000021
9.220000       0.000019
9.230000       0.000017
9.240000       0.000015
9.250000       0.000013
9.260000       0.000012
9.270000       0.000011
9.280000       0.000010
9.290000       0.000009
9.300000       0.000009
9.310000       0.000008
9.320000       0.000009
9.330000       0.000009
9.340000       0.000010
9.350000       0.000011
9.360000       0.000012
9.370000       0.000013
9.380000       0.000014
9.390000       0.000015
9.400000       0.000016
9.410000       0.000017
9.420000       0.000017
9.430000       0.000018
9.440000       0.000018
9.450000       0.000018
9.460000       0.000017
9.470000       0.000017
9.480000       0.000016
9.490000       0.000015
9.500000       0.000014
9.510000       0.000012
9.520000       0.000011
9.530000       0.000009
9.540000       0.000008
9.550000       0.000007
9.560000       0.000005
9.570000       0.000004
9.580000       0.000003
9.590000       0.000003
9.600000       0.000002
9.610000       0.000002
9.620000       0.000002
9.630000       0.000002
9.640000       0.000003
9.650000       0.000003
9.660000       0.000004
9.670000       0.000005
9.680000       0.000006
9.690000       0.000007
9.700000       0.000008
9.710000       0.000009
9.720000       0.000010
9.730000       0.000011
9.740000       0.000011
9.750000       0.000012
9.760000       0.000012
9.770000       0.000012
9.780000       0.000012
9.790000       0.000012
9.800000       0.000011
9.810000       0.000011
9.820000       0.000010
9.830000       0.000009
9.840000       0.000008
9.850000       0.000007
9.860000       0.000007
9.870000       0.000006
9.880000       0.000005
9.890000       0.000005
9.900000       0.000004
9.910000       0.000004
9.920000       0.000004
9.930000       0.000004
9.940000       0.000005
9.950000       0.000005
9.960000       0.000006
9.970000       0.000006
9.980000       0.000007
9.990000       0.000008
10.000000       0.000008
10.010000       0.000009
10.020000       0.000010
10.030000       0.000010
10.040000       0.000010
10.050000       0.000011
10.060000       0.000011
10.070000       0.000011
10.080000       0.000010
10.090000       0.000010
10.100000       0.000009
10.110000       0.000008
10.120000       0.000008
10.130000       0.000007
10.140000       0.000006
10.150000       0.000005
10.160000       0.000004
10.170000       0.000003
10.180000       0.000002
10.190000       0.000001
10.200000       0.000001
10.210000       0.000000
10.220000       0.000000
10.230000       0.000000
10.240000       0.000001
10.250000       0.000001
10.260000       0.000001
10.270000       0.000002
10.280000       0.000003
10.290000       0.000004
10.300000       0.000004
10.310000       0.000005
10.320000       0.000006
10.330000       0.000007
10.340000       0.000007
10.350000       0.000008
10.360000       0.000008
10.370000       0.000008
10.380000       0.000008
10.390000       0.000008
10.400000       0.000007
10.410000       0.000007
10.420000       0.000006
10.430000       0.000006
10.440000       0.000005
10.450000       0.000004
10.460000       0.000003
10.470000       0.000002
10.480000       0.000001
10.490000       0.000000
10.500000       -0.000000
10.510000       -0.000001
10.520000       -0.000001
10.530000       -0.000001
10.540000       -0.000001
10.550000       -0.000001
10.560000       -0.000000
10.570000       0.000000
10.580000       0.000001
10.590000       0.000001
10.600000       0.000002
10.610000       0.000003
10.620000       0.000004
10.630000       0.000004
10.640000       0.000005
10.650000       0.000006
10.660000       0.000006
10.670000       0.000006
10.680000       0.000006
10.690000       0.000006
10.700000       0.000006
10.710000       0.000006
10.720000       0.000005
10.730000       0.000004
10.740000       0.000003
10.750000       0.000003
10.760000       0.000002
10.770000       0.000001
10.780000       -0.000000
10.790000       -0.000001
10.800000       -0.000002
10.810000       -0.000002
10.820000       -0.000003
10.830000       -0.000003
10.840000       -0.000003
10.850000       -0.000003
10.860000       -0.000003
10.870000       -0.000002
10.880000       -0.000002
10.890000       -0.000001
10.900000       -0.000000
10.910000       0.000001
10.920000       0.000002
10.930000       0.000003
10.940000       0.000003
10.950000       0.000004
10.960000       0.000005
10.970000       0.000006
10.980000       0.000006
10.990000       0.000006
11.000000       0.000006
11.010000       0.000006
11.020000       0.000006
11.030000       0.000005
11.040000       0.000005
11.050000       0.000004
11.060000       0.000003
11.070000       0.000003
11.080000       0.000002
11.090000       0.000001
11.100000       0.000000
11.110000       -0.000000
11.120000       -0.000001
11.130000       -0.000001
11.140000       -0.000002
11.150000       -0.000002
11.160000       -0.000002
11.170000       -0.000001
11.180000       -0.000001
11.190000       -0.000001
11.200000       0.000000
11.210000       0.000001
11.220000       0.000002
11.230000       0.000002
11.240000       0.000003
11.250000       0.000004
11.260000       0.000005
11.270000       0.000005
11.280000       0.000006
11.290000       0.000006
11.300000       0.000006
11.310000       0.000006
11.320000       0.000005
11.330000       0.000005
11.340000       0.000004
11.350000       0.000003
11.360000       0.000002
11.370000       0.000001
11.380000       0.000000
11.390000       -0.000001
11.400000       -0.000002
11.410000       -0.000003
11.420000       -0.000004
11.430000       -0.000005
11.440000       -0.000005
11.450000       -0.000006
11.460000       -0.000006
11.470000       -0.000006
11.480000       -0.000006
11.490000       -0.000005
11.500000       -0.000005
11.510000       -0.000004
11.520000       -0.000003
11.530000       -0.000002
11.540000       -0.000001
11.550000       0.000000
11.560000       0.000001
11.570000       0.000002
11.580000       0.000003
11.590000       0.000004
11.600000       0.000005
11.610000       0.000005
11.620000       0.000006
11.630000       0.000006
11.640000       0.000005
11.650000       0.000005
11.660000       0.000005
11.670000       0.000004
11.680000       0.000003
11.690000       0.000002
11.700000       0.000001
11.710000       0.000000
11.720000       -0.000001
11.730000       -0.000002
11.740000       -0.000003
11.750000       -0.000003
11.760000       -0.000004
11.770000       -0.000004
11.780000       -0.000005
11.790000       -0.000005
11.800000       -0.000004
11.810000       -0.000004
11.820000       -0.000004
11.830000       -0.000003
11.840000       -0.000002
11.850000       -0.000001
11.860000       -0.000000
11.870000       0.000000
11.880000       0.000001
11.890000       0.000002
11.900000       0.000003
11.910000       0.000003
11.920000       0.000004
11.930000       0.000004
11.940000       0.000004
11.950000       0.000004
11.960000       0.000004
11.970000       0.000004
11.980000       0.000003
11.990000       0.000002
12.000000       0.000002
12.010000       0.000001
12.020000       -0.000000
12.030000       -0.000001
12.040000       -0.000002
12.050000       -0.000003
12.060000       -0.000003
12.070000       -0.000004
12.080000       -0.000004
12.090000       -0.000004
12.100000       -0.000004
12.110000       -0.000004
12.120000       -0.000004
12.130000       -0.000003
12.140000       -0.000003
12.150000       -0.000002
12.160000       -0.000001
12.170000       -0.000000
12.180000       0.000001
12.190000       0.000002
12.200000       0.000002
12.210000       0.000003
12.220000       0.000004
12.230000       0.000004
12.240000       0.000005
12.250000       0.000005
12.260000       0.000005
12.270000       0.000004
12.280000       0.000004
12.290000       0.000003
12.300000       0.000003
12.310000       0.000002
12.320000       0.000001
12.330000       -0.000000
12.340000       -0.000001
12.350000       -0.000002
12.360000       -0.000003
12.370000       -0.000003
12.380000       -0.000004
12.390000       -0.000004
12.400000       -0.000005
12.410000       -0.000005
12.420000       -0.000005
12.430000       -0.000005
12.440000       -0.000004
12.450000       -0.000003
12.460000       -0.000003
12.470000       -0.000002
12.480000       -0.000001
12.490000       -0.000000
12.500000       0.000001
12.510000       0.000002
12.520000       0.000003
12.530000       0.000003
12.540000       0.000004
12.550000       0.000004
12.560000       0.000004
12.570000       0.000005
12.580000       0.000004
12.590000       0.000004
12.600000       0.000004
12.610000       0.000003
12.620000       0.000002
12.630000       0.000002
12.640000       0.000001
12.650000       -0.000000
12.660000       -0.000001
12.670000       -0.000002
12.680000       -0.000003
12.690000       -0.000003
12.700000       -0.000004
12.710000       -0.000004
12.720000       -0.000004
12.730000       -0.000004
12.740000       -0.000004
12.750000       -0.000004
12.760000       -0.000003
12.770000       -0.000003
12.780000       -0.000002
12.790000       -0.000001
12.800000       -0.000000
12.810000       0.000001
12.820000       0.000002
12.830000       0.000002
12.840000       0.000003
12.850000       0.000004
12.860000       0.000004
12.870000       0.000004
12.880000       0.000005
12.890000       0.000004
12.900000       0.000004
12.910000       0.000004
12.920000       0.000003
12.930000       0.000002
12.940000       0.000002
12.950000       0.000001
12.960000       -0.000000
12.970000       -0.000001
12.980000       -0.000002
12.990000       -0.000003
13.000000       -0.000003
13.010000       -0.000004
13.020000       -0.000004
13.030000       -0.000005
13.040000       -0.000005
13.050000       -0.000004
13.060000       -0.000004
13.070000       -0.000004
13.080000       -0.000003
13.090000       -0.000002
13.100000       -0.000002
13.110000       -0.000001
13.120000       0.000000
13.130000       0.000001
13.140000       0.000002
13.150000       0.000003
13.160000       0.000003
13.170000       0.000004
13.180000       0.000004
13.190000       0.000005
13.200000       0.000005
13.210000       0.000005
13.220000       0.000004
13.230000       0.000004
13.240000       0.000003
13.250000       0.000002
13.260000       0.000002
13.270000       0.000001
13.280000       -0.000000
13.290000       -0.000001
13.300000       -0.000002
13.310000       -0.000003
13.320000       -0.000003
13.330000       -0.000004
13.340000       -0.000004
13.350000       -0.000004
13.360000       -0.000004
13.370000       -0.000004
13.380000       -0.000004
13.390000       -0.000003
13.400000       -0.000003
13.410000       -0.000002
13.420000       -0.000001
13.430000       -0.000000
13.440000       0.000000
13.450000       0.000001
13.460000       0.000002
13.470000       0.000003
13.480000       0.000003
13.490000       0.000004
13.500000       0.000004
13.510000       0.000004
13.520000       0.000004
13.530000       0.000004
13.540000       0.000003
13.550000       0.000003
13.560000       0.000002
13.570000       0.000001
13.580000       0.000001
13.590000       -0.000000
13.600000       -0.000001
13.610000       -0.000002
13.620000       -0.000002
13.630000       -0.000003
13.640000       -0.000004
13.650000       -0.000004
13.660000       -0.000004
13.670000       -0.000004
13.680000       -0.000004
13.690000       -0.000004
13.700000       -0.000003
13.710000       -0.000003
13.720000       -0.000002
13.730000       -0.000001
13.740000       -0.000001
13.750000       0.000000
13.760000       0.000001
13.770000       0.000002
13.780000       0.000002
13.790000       0.000003
13.800000       0.000004
13.810000       0.000004
13.820000       0.000004
13.830000       0.000004
13.840000       0.000004
13.850000       0.000004
13.860000       0.000003
13.870000       0.000002
13.880000       0.000002
13.890000       0.000001
13.900000       0.000000
13.910000       -0.000001
13.920000       -0.000001
13.930000       -0.000002
13.940000       -0.000003
13.950000       -0.000003
13.960000       -0.000004
13.970000       -0.000004
13.980000       -0.000004
13.990000       -0.000004
14.000000       -0.000004
14.010000       -0.000003
14.020000       -0.000003
14.030000       -0.000002
14.040000       -0.000002
14.050000       -0.000001
14.060000       0.000000
14.070000       0.000001
14.080000       0.000002
14.090000       0.000002
14.100000       0.000003
14.110000       0.000003
14.120000       0.000004
14.130000       0.000004
14.140000       0.000004
14.150000       0.000004
14.160000       0.000004
14.170000       0.000003
14.180000       0.000003
14.190000       0.000002
14.200000       0.000001
14.210000       0.000001
14.220000       -0.000000
14.230000       -0.000001
14.240000       -0.000002
14.250000       -0.000002
14.260000       -0.000003
14.270000       -0.000004
14.280000       -0.000004
14.290000       -0.000004
14.300000       -0.000004
14.310000       -0.000004
14.320000       -0.000004
14.330000       -0.000003
14.340000       -0.000003
14.350000       -0.000002
14.360000       -0.000001
14.370000       -0.000000
14.380000       0.000000
14.390000       0.000001
14.400000       0.000002
14.410000       0.000003
14.420000       0.000003
14.430000       0.000004
14.440000       0.000004
14.450000       0.000004
14.460000       0.000004
14.470000       0.000004
14.480000       0.000003
14.490000       0.000003
14.500000       0.000002
14.510000       0.000002
14.520000       0.000001
14.530000       0.000000
14.540000       -0.000001
14.550000       -0.000001
14.560000       -0.000002
14.570000       -0.000003
14.580000       -0.000003
14.590000       -0.000004
14.600000       -0.000004
14.610000       -0.000004
14.620000       -0.000004
14.630000       -0.000004
14.640000       -0.000003
14.650000       -0.000003
14.660000       -0.000002
14.670000       -0.000001
14.680000       -0.000001
14.690000       0.000000
14.700000       0.000001
14.710000       0.000002
14.720000       0.000002
14.730000       0.000003
14.740000       0.000003
14.750000       0.000004
14.760000       0.000004
14.770000       0.000004
14.780000       0.000004
14.790000       0.000004
14.800000       0.000003
14.810000       0.000003
14.820000       0.000002
14.830000       0.000001
14.840000       0.000000
14.850000       -0.000000
14.860000       -0.000001
14.870000       -0.000002
14.880000       -0.000003
14.890000       -0.000003
14.900000       -0.000004
14.910000       -0.000004
14.920000       -0.000004
14.930000       -0.000004
14.940000       -0.000004
14.950000       -0.000003
14.960000       -0.000003
14.970000       -0.000002
14.980000       -0.000002
14.990000       -0.000001
15.000000       -0.000000
15.010000       0.000001
15.020000       0.000001
15.030000       0.000002
15.040000       0.000003
15.050000       0.000003
15.060000       0.000004
15.070000       0.000004
15.080000       0.000004
15.090000       0.000004
15.100000       0.000004
15.110000       0.000003
15.120000       0.000003
15.130000       0.000002
15.140000       0.000002
15.150000       0.000001
15.160000       0.000000
15.170000       -0.000001
15.180000       -0.000001
15.190000       -0.000002
15.200000       -0.000003
15.210000       -0.000003
15.220000       -0.000004
15.230000       -0.000004
15.240000       -0.000004
15.250000       -0.000004
15.260000       -0.000004
15.270000       -0.000003
15.280000       -0.000003
15.290000       -0.000002
15.300000       -0.000001
15.310000       -0.000001
15.320000       0.000000
15.330000       0.000001
15.340000       0.000002
15.350000       0.000002
15.360000       0.000003
15.370000       0.000003
15.380000       0.000004
15.390000       0.000004
15.400000       0.000004
15.410000       0.000004
15.420000       0.000003
15.430000       0.000003
15.440000       0.000002
15.450000       0.000002
15.460000       0.000001
15.470000       0.000000
15.480000       -0.000000
15.490000       -0.000001
15.500000       -0.000002
15.510000       -0.000003
15.520000       -0.000003
15.530000       -0.000003
15.540000       -0.000004
15.550000       -0.000004
15.560000       -0.000004
15.570000       -0.000004
15.580000       -0.000003
15.590000       -0.000003
15.600000       -0.000002
15.610000       -0.000002
15.620000       -0.000001
15.630000       -0.000000
15.640000       0.000001
15.650000       0.000001
15.660000       0.000002
15.670000       0.000003
15.680000       0.000003
15.690000       0.000003
15.700000       0.000004
15.710000       0.000004
15.720000       0.000004
15.730000       0.000003
15.740000       0.000003
15.750000       0.000003
15.760000       0.000002
15.770000       0.000001
15.780000       0.000001
15.790000       -0.000000
15.800000       -0.000001
15.810000       -0.000002
15.820000       -0.000002
15.830000       -0.000003
15.840000       -0.000003
15.850000       -0.000004
15.860000       -0.000004
15.870000       -0.000004
15.880000       -0.000004
15.890000       -0.000003
15.900000       -0.000003
15.910000       -0.000002
15.920000       -0.000002
15.930000       -0.000001
15.940000       -0.000000
15.950000       0.000000
15.960000       0.000001
15.970000       0.000002
15.980000       0.000002
15.990000       0.000003
16.000000       0.000003
16.010000       0.000003
16.020000       0.000004
16.030000       0.000004
16.040000       0.000003
16.050000       0.000003
16.060000       0.000003
16.070000       0.000002
16.080000       0.000002
16.090000       0.000001
16.100000       0.000000
16.110000       -0.000001
16.120000       -0.000001
16.130000       -0.000002
16.140000       -0.000003
16.150000       -0.000003
16.160000       -0.000003
16.170000       -0.000004
16.180000       -0.000004
16.190000       -0.000004
16.200000       -0.000003
16.210000       -0.000003
16.220000       -0.000003
16.230000       -0.000002
16.240000       -0.000001
16.250000       -0.000001
16.260000       -0.000000
16.270000       0.000001
16.280000       0.000001
16.290000       0.000002
16.300000       0.000003
16.310000       0.000003
16.320000       0.000003
16.330000       0.000003
16.340000       0.000004
16.350000       0.000003
16.360000       0.000003
16.370000       0.000003
16.380000       0.000002
16.390000       0.000002
16.400000       0.000001
16.410000       0.000000
16.420000       -0.000000
16.430000       -0.000001
16.440000       -0.000002
16.450000       -0.000002
16.460000       -0.000003
16.470000       -0.000003
16.480000       -0.000003
16.490000       -0.000004
16.500000       -0.000004
16.510000       -0.000003
16.520000       -0.000003
16.530000       -0.000003
16.540000       -0.000002
16.550000       -0.000002
16.560000       -0.000001
16.570000       -0.000000
16.580000       0.000000
16.590000       0.000001
16.600000       0.000002
16.610000       0.000002
16.620000       0.000003
16.630000       0.000003
16.640000       0.000003
16.650000       0.000003
16.660000       0.000003
16.670000       0.000003
16.680000       0.000003
16.690000       0.000003
16.700000       0.000002
16.710000       0.000001
16.720000       0.000001
16.730000       0.000000
16.740000       -0.000001
16.750000       -0.000001
16.760000       -0.000002
16.770000       -0.000003
16.780000       -0.000003
16.790000       -0.000003
16.800000       -0.000003
16.810000       -0.000004
16.820000       -0.000003
16.830000       -0.000003
16.840000       -0.000003
16.850000       -0.000002
16.860000       -0.000002
16.870000       -0.000001
16.880000       -0.000001
16.890000       0.000000
16.900000       0.000001
16.910000       0.000001
16.920000       0.000002
16.930000       0.000003
16.940000       0.000003
16.950000       0.000003
16.960000       0.000003
16.970000       0.000003
16.980000       0.000003
16.990000       0.000003
17.000000       0.000003
17.010000       0.000002
17.020000       0.000002
17.030000       0.000001
17.040000       0.000000
17.050000       -0.000000
17.060000       -0.000001
17.070000       -0.000002
17.080000       -0.000002
17.090000       -0.000003
17.100000       -0.000003
17.110000       -0.000003
17.120000       -0.000003
17.130000       -0.000003
17.140000       -0.000003
17.150000       -0.000003
17.160000       -0.000003
17.170000       -0.000002
17.180000       -0.000001
17.190000       -0.000001
17.200000       -0.000000
17.210000       0.000001
17.220000       0.000001
17.230000       0.000002
17.240000       0.000002
17.250000       0.000003
17.260000       0.000003
17.270000       0.000003
17.280000       0.000003
17.290000       0.000003
17.300000       0.000003
17.310000       0.000003
17.320000       0.000002
17.330000       0.000002
17.340000       0.000001
17.350000       0.000001
17.360000       -0.000000
17.370000       -0.000001
17.380000       -0.000001
17.390000       -0.000002
17.400000       -0.000002
17.410000       -0.000003
17.420000       -0.000003
17.430000       -0.000003
17.440000       -0.000003
17.450000       -0.000003
17.460000       -0.000003
17.470000       -0.000003
17.480000       -0.000002
17.490000       -0.000002
17.500000       -0.000001
17.510000       -0.000000
17.520000       0.000000
17.530000       0.000001
17.540000       0.000001
17.550000       0.000002
17.560000       0.000003
17.570000       0.000003
17.580000       0.000003
17.590000       0.000003
17.600000       0.000003
17.610000       0.000003
17.620000       0.000003
17.630000       0.000003
17.640000       0.000002
17.650000       0.000001
17.660000       0.000001
17.670000       0.000000
17.680000       -0.000000
17.690000       -0.000001
17.700000       -0.000002
17.710000       -0.000002
17.720000       -0.000003
17.730000       -0.000003
17.740000       -0.000003
17.750000       -0.000003
17.760000       -0.000003
17.770000       -0.000003
17.780000       -0.000003
17.790000       -0.000002
17.800000       -0.000002
17.810000       -0.000001
17.820000       -0.000001
17.830000       -0.000000
17.840000       0.000001
17.850000       0.000001
17.860000       0.000002
17.870000       0.000002
17.880000       0.000003
17.890000       0.000003
17.900000       0.000003
17.910000       0.000003
17.920000       0.000003
17.930000       0.000003
17.940000       0.000003
17.950000       0.000002
17.960000       0.000002
17.970000       0.000001
17.980000       0.000000
17.990000       -0.000000
18.000000       -0.000001
18.010000       -0.000001
18.020000       -0.000002
18.030000       -0.000002
18.040000       -0.000003
18.050000       -0.000003
18.060000       -0.000003
18.070000       -0.000003
18.080000       -0.000003
18.090000       -0.000003
18.100000       -0.000003
18.110000       -0.000002
18.120000       -0.000002
18.130000       -0.000001
18.140000       -0.000000
18.150000       0.000000
18.160000       0.000001
18.170000       0.000002
18.180000       0.000002
18.190000       0.000003
18.200000       0.000003
18.210000       0.000003
18.220000       0.000003
18.230000       0.000003
18.240000       0.000003
18.250000       0.000003
18.260000       0.000002
18.270000       0.000002
18.280000       0.000001
18.290000       0.000001
18.300000       0.000000
18.310000       -0.000001
18.320000       -0.000001
18.330000       -0.000002
18.340000       -0.000002
18.350000       -0.000003
18.360000       -0.000003
18.370000       -0.000003
18.380000       -0.000003
18.390000       -0.000003
18.400000       -0.000003
18.410000       -0.000003
18.420000       -0.000002
18.430000       -0.000002
18.440000       -0.000001
18.450000       -0.000001
18.460000       0.000000
18.470000       0.000001
18.480000       0.000001
18.490000       0.000002
18.500000       0.000002
18.510000       0.000003
18.520000       0.000003
18.530000       0.000003
18.540000       0.000003
18.550000       0.000003
18.560000       0.000003
18.570000       0.000003
18.580000       0.000002
18.590000       0.000002
18.600000       0.000001
18.610000       0.000000
18.620000       -0.000000
18.630000       -0.000001
18.640000       -0.000001
18.650000       -0.000002
18.660000       -0.000002
18.670000       -0.000003
18.680000       -0.000003
18.690000       -0.000003
18.700000       -0.000003
18.710000       -0.000003
18.720000       -0.000003
18.730000       -0.000002
18.740000       -0.000002
18.750000       -0.000001
18.760000       -0.000001
18.770000       -0.000000
18.780000       0.000000
18.790000       0.000001
18.800000       0.000002
18.810000       0.000002
18.820000       0.000003
18.830000       0.000003
18.840000       0.000003
18.850000       0.000003
18.860000       0.000003
18.870000       0.000003
18.880000       0.000003
18.890000       0.000002
18.900000       0.000002
18.910000       0.000001
18.920000       0.000001
18.930000       -0.000000
18.940000       -0.000001
18.950000       -0.000001
18.960000       -0.000002
18.970000       -0.000002
18.980000       -0.000003
18.990000       -0.000003
19.000000       -0.000003
19.010000       -0.000003
19.020000       -0.000003
19.030000       -0.000003
19.040000       -0.000003
19.050000       -0.000002
19.060000       -0.000002
19.070000       -0.000001
19.080000       -0.000001
19.090000       0.000000
19.100000       0.000001
19.110000       0.000001
19.120000       0.000002
19.130000       0.000002
19.140000       0.000003
19.150000       0.000003
19.160000       0.000003
19.170000       0.000003
19.180000       0.000003
19.190000       0.000003
19.200000       0.000002
19.210000       0.000002
19.220000       0.000001
19.230000       0.000001
19.240000       0.000000
19.250000       -0.000000
19.260000       -0.000001
19.270000       -0.000002
19.280000       -0.000002
19.290000       -0.000002
19.300000       -0.000003
19.310000       -0.000003
19.320000       -0.000003
19.330000       -0.000003
19.340000       -0.000003
19.350000       -0.000003
19.360000       -0.000002
19.370000       -0.000002
19.380000       -0.000001
19.390000       -0.000001
19.400000       -0.000000
19.410000       0.000000
19.420000       0.000001
19.430000       0.000002
19.440000       0.000002
19.450000       0.000002
19.460000       0.000003
19.470000       0.000003
19.480000       0.000003
19.490000       0.000003
19.500000       0.000003
19.510000       0.000002
19.520000       0.000002
19.530000       0.000002
19.540000       0.000001
19.550000       0.000000
19.560000       -0.000000
19.570000       -0.000001
19.580000       -0.000001
19.590000       -0.000002
19.600000       -0.000002
19.610000       -0.000003
19.620000       -0.000003
19.630000       -0.000003
19.640000       -0.000003
19.650000       -0.000003
19.660000       -0.000003
19.670000       -0.000002
19.680000       -0.000002
19.690000       -0.000002
19.700000       -0.000001
19.710000       -0.000000
19.720000       0.000000
19.730000       0.000001
19.740000       0.000001
19.750000       0.000002
19.760000       0.000002
19.770000       0.000003
19.780000       0.000003
19.790000       0.000003
19.800000       0.000003
19.810000       0.000003
19.820000       0.000003
19.830000       0.000002
19.840000       0.000002
19.850000       0.000001
19.860000       0.000001
19.870000       0.000000
19.880000       -0.000000
19.890000       -0.000001
19.900000       -0.000002
19.910000       -0.000002
19.920000       -0.000002
19.930000       -0.000003
19.940000       -0.000003
19.950000       -0.000003
19.960000       -0.000003
19.970000       -0.000003
19.980000       -0.000003
19.990000       -0.000002
