# Frequency w         I(w)
1.316424       -0.00000000000000000001
1.317082       -0.00000000000000000001
1.317740       -0.00000000000000000001
1.318399       -0.00000000000000000001
1.319057       -0.00000000000000000001
1.319715       -0.00000000000000000001
1.320373       -0.00000000000000000001
1.321031       -0.00000000000000000001
1.321690       -0.00000000000000000001
1.322348       -0.00000000000000000001
1.323006       -0.00000000000000000001
1.323664       -0.00000000000000000001
1.324322       -0.00000000000000000001
1.324981       -0.00000000000000000001
1.325639       -0.00000000000000000001
1.326297       -0.00000000000000000001
1.326955       -0.00000000000000000001
1.327614       -0.00000000000000000001
1.328272       -0.00000000000000000001
1.328930       -0.00000000000000000001
1.329588       -0.00000000000000000001
1.330246       -0.00000000000000000001
1.330905       -0.00000000000000000001
1.331563       -0.00000000000000000001
1.332221       -0.00000000000000000001
1.332879       -0.00000000000000000001
1.333537       -0.00000000000000000001
1.334196       -0.00000000000000000001
1.334854       -0.00000000000000000001
1.335512       -0.00000000000000000001
1.336170       -0.00000000000000000001
1.336828       -0.00000000000000000001
1.337487       -0.00000000000000000001
1.338145       -0.00000000000000000001
1.338803       -0.00000000000000000001
1.339461       -0.00000000000000000001
1.340120       -0.00000000000000000001
1.340778       -0.00000000000000000001
1.341436       -0.00000000000000000001
1.342094       -0.00000000000000000001
1.342752       -0.00000000000000000001
1.343411       -0.00000000000000000001
1.344069       -0.00000000000000000001
1.344727       -0.00000000000000000001
1.345385       -0.00000000000000000001
1.346043       -0.00000000000000000001
1.346702       -0.00000000000000000001
1.347360       -0.00000000000000000001
1.348018       -0.00000000000000000001
1.348676       -0.00000000000000000001
1.349335       -0.00000000000000000001
1.349993       -0.00000000000000000001
1.350651       -0.00000000000000000001
1.351309       -0.00000000000000000001
1.351967       -0.00000000000000000001
1.352626       -0.00000000000000000001
1.353284       -0.00000000000000000001
1.353942       -0.00000000000000000001
1.354600       -0.00000000000000000001
1.355258       -0.00000000000000000001
1.355917       -0.00000000000000000001
1.356575       -0.00000000000000000001
1.357233       -0.00000000000000000001
1.357891       -0.00000000000000000001
1.358549       -0.00000000000000000001
1.359208       -0.00000000000000000001
1.359866       -0.00000000000000000001
1.360524       -0.00000000000000000001
1.361182       -0.00000000000000000001
1.361841       -0.00000000000000000001
1.362499       -0.00000000000000000001
1.363157       -0.00000000000000000001
1.363815       -0.00000000000000000001
1.364473       -0.00000000000000000001
1.365132       -0.00000000000000000001
1.365790       -0.00000000000000000001
1.366448       -0.00000000000000000001
1.367106       -0.00000000000000000001
1.367764       -0.00000000000000000001
1.368423       -0.00000000000000000001
1.369081       -0.00000000000000000001
1.369739       -0.00000000000000000001
1.370397       -0.00000000000000000001
1.371056       -0.00000000000000000001
1.371714       -0.00000000000000000001
1.372372       -0.00000000000000000001
1.373030       -0.00000000000000000001
1.373688       -0.00000000000000000001
1.374347       -0.00000000000000000001
1.375005       -0.00000000000000000001
1.375663       -0.00000000000000000001
1.376321       -0.00000000000000000001
1.376979       -0.00000000000000000001
1.377638       -0.00000000000000000001
1.378296       -0.00000000000000000001
1.378954       -0.00000000000000000001
1.379612       -0.00000000000000000001
1.380270       -0.00000000000000000001
1.380929       -0.00000000000000000001
1.381587       -0.00000000000000000001
1.382245       -0.00000000000000000001
1.382903       -0.00000000000000000001
1.383562       -0.00000000000000000001
1.384220       -0.00000000000000000001
1.384878       -0.00000000000000000001
1.385536       -0.00000000000000000001
1.386194       -0.00000000000000000001
1.386853       -0.00000000000000000001
1.387511       -0.00000000000000000001
1.388169       -0.00000000000000000001
1.388827       -0.00000000000000000001
1.389485       -0.00000000000000000001
1.390144       -0.00000000000000000001
1.390802       -0.00000000000000000001
1.391460       -0.00000000000000000001
1.392118       -0.00000000000000000001
1.392777       -0.00000000000000000001
1.393435       -0.00000000000000000001
1.394093       -0.00000000000000000001
1.394751       -0.00000000000000000001
1.395409       -0.00000000000000000001
1.396068       -0.00000000000000000001
1.396726       -0.00000000000000000001
1.397384       -0.00000000000000000001
1.398042       -0.00000000000000000001
1.398700       -0.00000000000000000001
1.399359       -0.00000000000000000001
1.400017       -0.00000000000000000001
1.400675       -0.00000000000000000001
1.401333       -0.00000000000000000001
1.401991       -0.00000000000000000001
1.402650       -0.00000000000000000001
1.403308       -0.00000000000000000001
1.403966       -0.00000000000000000001
1.404624       -0.00000000000000000001
1.405283       -0.00000000000000000001
1.405941       -0.00000000000000000001
1.406599       -0.00000000000000000001
1.407257       -0.00000000000000000001
1.407915       -0.00000000000000000001
1.408574       -0.00000000000000000001
1.409232       -0.00000000000000000001
1.409890       -0.00000000000000000001
1.410548       -0.00000000000000000001
1.411206       -0.00000000000000000001
1.411865       -0.00000000000000000001
1.412523       -0.00000000000000000001
1.413181       -0.00000000000000000001
1.413839       -0.00000000000000000001
1.414497       -0.00000000000000000001
1.415156       -0.00000000000000000001
1.415814       -0.00000000000000000001
1.416472       -0.00000000000000000001
1.417130       -0.00000000000000000001
1.417789       -0.00000000000000000001
1.418447       -0.00000000000000000001
1.419105       -0.00000000000000000001
1.419763       -0.00000000000000000001
1.420421       -0.00000000000000000001
1.421080       -0.00000000000000000001
1.421738       -0.00000000000000000001
1.422396       -0.00000000000000000001
1.423054       -0.00000000000000000001
1.423712       -0.00000000000000000001
1.424371       -0.00000000000000000001
1.425029       -0.00000000000000000001
1.425687       -0.00000000000000000001
1.426345       -0.00000000000000000001
1.427004       -0.00000000000000000001
1.427662       -0.00000000000000000001
1.428320       -0.00000000000000000001
1.428978       -0.00000000000000000001
1.429636       -0.00000000000000000001
1.430295       -0.00000000000000000001
1.430953       -0.00000000000000000001
1.431611       -0.00000000000000000001
1.432269       -0.00000000000000000001
1.432927       -0.00000000000000000001
1.433586       -0.00000000000000000001
1.434244       -0.00000000000000000001
1.434902       -0.00000000000000000001
1.435560       -0.00000000000000000001
1.436218       -0.00000000000000000001
1.436877       -0.00000000000000000001
1.437535       -0.00000000000000000001
1.438193       -0.00000000000000000001
1.438851       -0.00000000000000000001
1.439510       -0.00000000000000000001
1.440168       -0.00000000000000000001
1.440826       -0.00000000000000000001
1.441484       -0.00000000000000000001
1.442142       -0.00000000000000000001
1.442801       -0.00000000000000000001
1.443459       -0.00000000000000000001
1.444117       -0.00000000000000000001
1.444775       -0.00000000000000000001
1.445433       -0.00000000000000000001
1.446092       -0.00000000000000000001
1.446750       -0.00000000000000000001
1.447408       -0.00000000000000000001
1.448066       -0.00000000000000000001
1.448725       -0.00000000000000000001
1.449383       -0.00000000000000000001
1.450041       -0.00000000000000000001
1.450699       -0.00000000000000000001
1.451357       -0.00000000000000000001
1.452016       -0.00000000000000000001
1.452674       -0.00000000000000000001
1.453332       -0.00000000000000000001
1.453990       -0.00000000000000000001
1.454648       -0.00000000000000000001
1.455307       -0.00000000000000000001
1.455965       -0.00000000000000000001
1.456623       -0.00000000000000000001
1.457281       -0.00000000000000000001
1.457939       -0.00000000000000000001
1.458598       -0.00000000000000000001
1.459256       -0.00000000000000000001
1.459914       -0.00000000000000000001
1.460572       -0.00000000000000000001
1.461231       -0.00000000000000000001
1.461889       -0.00000000000000000001
1.462547       -0.00000000000000000001
1.463205       -0.00000000000000000001
1.463863       -0.00000000000000000001
1.464522       -0.00000000000000000001
1.465180       -0.00000000000000000001
1.465838       -0.00000000000000000001
1.466496       -0.00000000000000000001
1.467154       -0.00000000000000000001
1.467813       -0.00000000000000000001
1.468471       -0.00000000000000000001
1.469129       -0.00000000000000000001
1.469787       -0.00000000000000000001
1.470446       -0.00000000000000000001
1.471104       -0.00000000000000000001
1.471762       -0.00000000000000000001
1.472420       -0.00000000000000000001
1.473078       -0.00000000000000000001
1.473737       -0.00000000000000000001
1.474395       -0.00000000000000000001
1.475053       -0.00000000000000000001
1.475711       -0.00000000000000000001
1.476369       -0.00000000000000000001
1.477028       -0.00000000000000000001
1.477686       -0.00000000000000000001
1.478344       -0.00000000000000000001
1.479002       -0.00000000000000000001
1.479660       -0.00000000000000000001
1.480319       -0.00000000000000000001
1.480977       -0.00000000000000000001
1.481635       -0.00000000000000000001
1.482293       -0.00000000000000000001
1.482952       -0.00000000000000000001
1.483610       -0.00000000000000000001
1.484268       -0.00000000000000000001
1.484926       -0.00000000000000000001
1.485584       -0.00000000000000000001
1.486243       -0.00000000000000000001
1.486901       -0.00000000000000000001
1.487559       -0.00000000000000000001
1.488217       -0.00000000000000000001
1.488875       -0.00000000000000000001
1.489534       -0.00000000000000000001
1.490192       -0.00000000000000000001
1.490850       -0.00000000000000000001
1.491508       -0.00000000000000000001
1.492167       -0.00000000000000000001
1.492825       -0.00000000000000000001
1.493483       -0.00000000000000000001
1.494141       -0.00000000000000000001
1.494799       -0.00000000000000000001
1.495458       -0.00000000000000000001
1.496116       -0.00000000000000000001
1.496774       -0.00000000000000000001
1.497432       -0.00000000000000000001
1.498090       -0.00000000000000000001
1.498749       -0.00000000000000000001
1.499407       -0.00000000000000000001
1.500065       -0.00000000000000000001
1.500723       -0.00000000000000000001
1.501381       -0.00000000000000000001
1.502040       -0.00000000000000000001
1.502698       -0.00000000000000000001
1.503356       -0.00000000000000000001
1.504014       -0.00000000000000000001
1.504673       -0.00000000000000000001
1.505331       -0.00000000000000000001
1.505989       -0.00000000000000000001
1.506647       -0.00000000000000000001
1.507305       -0.00000000000000000001
1.507964       -0.00000000000000000001
1.508622       -0.00000000000000000001
1.509280       -0.00000000000000000001
1.509938       -0.00000000000000000001
1.510596       -0.00000000000000000001
1.511255       -0.00000000000000000001
1.511913       -0.00000000000000000001
1.512571       -0.00000000000000000001
1.513229       -0.00000000000000000001
1.513888       -0.00000000000000000001
1.514546       -0.00000000000000000001
1.515204       -0.00000000000000000001
1.515862       -0.00000000000000000001
1.516520       -0.00000000000000000001
1.517179       -0.00000000000000000001
1.517837       -0.00000000000000000001
1.518495       -0.00000000000000000001
1.519153       -0.00000000000000000001
1.519811       -0.00000000000000000001
1.520470       -0.00000000000000000001
1.521128       -0.00000000000000000001
1.521786       -0.00000000000000000001
1.522444       -0.00000000000000000001
1.523102       -0.00000000000000000001
1.523761       -0.00000000000000000001
1.524419       -0.00000000000000000001
1.525077       -0.00000000000000000001
1.525735       -0.00000000000000000001
1.526394       -0.00000000000000000001
1.527052       -0.00000000000000000001
1.527710       -0.00000000000000000001
1.528368       -0.00000000000000000001
1.529026       -0.00000000000000000001
1.529685       -0.00000000000000000001
1.530343       -0.00000000000000000001
1.531001       -0.00000000000000000001
1.531659       -0.00000000000000000001
1.532317       -0.00000000000000000001
1.532976       -0.00000000000000000001
1.533634       -0.00000000000000000001
1.534292       -0.00000000000000000001
1.534950       -0.00000000000000000001
1.535608       -0.00000000000000000001
1.536267       -0.00000000000000000001
1.536925       -0.00000000000000000001
1.537583       -0.00000000000000000001
1.538241       -0.00000000000000000001
1.538900       -0.00000000000000000001
1.539558       -0.00000000000000000001
1.540216       -0.00000000000000000001
1.540874       -0.00000000000000000001
1.541532       -0.00000000000000000001
1.542191       -0.00000000000000000001
1.542849       -0.00000000000000000001
1.543507       -0.00000000000000000001
1.544165       -0.00000000000000000001
1.544823       -0.00000000000000000001
1.545482       -0.00000000000000000001
1.546140       -0.00000000000000000001
1.546798       -0.00000000000000000001
1.547456       -0.00000000000000000001
1.548115       -0.00000000000000000001
1.548773       -0.00000000000000000001
1.549431       -0.00000000000000000001
1.550089       -0.00000000000000000001
1.550747       -0.00000000000000000001
1.551406       -0.00000000000000000001
1.552064       -0.00000000000000000001
1.552722       -0.00000000000000000001
1.553380       -0.00000000000000000001
1.554038       -0.00000000000000000001
1.554697       -0.00000000000000000001
1.555355       -0.00000000000000000001
1.556013       -0.00000000000000000001
1.556671       -0.00000000000000000001
1.557329       -0.00000000000000000001
1.557988       -0.00000000000000000001
1.558646       -0.00000000000000000001
1.559304       -0.00000000000000000001
1.559962       -0.00000000000000000001
1.560621       -0.00000000000000000001
1.561279       -0.00000000000000000001
1.561937       -0.00000000000000000001
1.562595       -0.00000000000000000001
1.563253       -0.00000000000000000001
1.563912       -0.00000000000000000001
1.564570       -0.00000000000000000001
1.565228       -0.00000000000000000001
1.565886       -0.00000000000000000001
1.566544       -0.00000000000000000001
1.567203       -0.00000000000000000001
1.567861       -0.00000000000000000001
1.568519       -0.00000000000000000001
1.569177       -0.00000000000000000001
1.569836       -0.00000000000000000001
1.570494       -0.00000000000000000001
1.571152       -0.00000000000000000001
1.571810       -0.00000000000000000001
1.572468       -0.00000000000000000001
1.573127       -0.00000000000000000001
1.573785       -0.00000000000000000001
1.574443       -0.00000000000000000001
1.575101       -0.00000000000000000001
1.575759       -0.00000000000000000001
1.576418       -0.00000000000000000001
1.577076       -0.00000000000000000001
1.577734       -0.00000000000000000001
1.578392       -0.00000000000000000001
1.579050       -0.00000000000000000001
1.579709       -0.00000000000000000001
1.580367       -0.00000000000000000001
1.581025       -0.00000000000000000001
1.581683       -0.00000000000000000001
1.582342       -0.00000000000000000001
1.583000       -0.00000000000000000001
1.583658       -0.00000000000000000001
1.584316       -0.00000000000000000001
1.584974       -0.00000000000000000001
1.585633       -0.00000000000000000001
1.586291       -0.00000000000000000001
1.586949       -0.00000000000000000001
1.587607       -0.00000000000000000001
1.588265       -0.00000000000000000001
1.588924       -0.00000000000000000001
1.589582       -0.00000000000000000001
1.590240       -0.00000000000000000001
1.590898       -0.00000000000000000001
1.591557       -0.00000000000000000001
1.592215       -0.00000000000000000001
1.592873       -0.00000000000000000001
1.593531       -0.00000000000000000001
1.594189       -0.00000000000000000001
1.594848       -0.00000000000000000001
1.595506       -0.00000000000000000001
1.596164       -0.00000000000000000001
1.596822       -0.00000000000000000001
1.597480       -0.00000000000000000001
1.598139       -0.00000000000000000001
1.598797       -0.00000000000000000001
1.599455       -0.00000000000000000001
1.600113       -0.00000000000000000001
1.600771       -0.00000000000000000001
1.601430       -0.00000000000000000001
1.602088       -0.00000000000000000001
1.602746       -0.00000000000000000001
1.603404       -0.00000000000000000001
1.604063       -0.00000000000000000001
1.604721       -0.00000000000000000001
1.605379       -0.00000000000000000001
1.606037       -0.00000000000000000001
1.606695       -0.00000000000000000001
1.607354       -0.00000000000000000001
1.608012       -0.00000000000000000001
1.608670       -0.00000000000000000001
1.609328       -0.00000000000000000001
1.609986       -0.00000000000000000001
1.610645       -0.00000000000000000001
1.611303       -0.00000000000000000001
1.611961       -0.00000000000000000001
1.612619       -0.00000000000000000001
1.613278       -0.00000000000000000001
1.613936       -0.00000000000000000001
1.614594       -0.00000000000000000001
1.615252       -0.00000000000000000001
1.615910       -0.00000000000000000001
1.616569       -0.00000000000000000001
1.617227       -0.00000000000000000001
1.617885       -0.00000000000000000001
1.618543       -0.00000000000000000001
1.619201       -0.00000000000000000001
1.619860       -0.00000000000000000001
1.620518       -0.00000000000000000001
1.621176       -0.00000000000000000001
1.621834       -0.00000000000000000001
1.622492       -0.00000000000000000001
1.623151       -0.00000000000000000001
1.623809       -0.00000000000000000001
1.624467       -0.00000000000000000001
1.625125       -0.00000000000000000001
1.625784       -0.00000000000000000001
1.626442       -0.00000000000000000001
1.627100       -0.00000000000000000001
1.627758       -0.00000000000000000001
1.628416       -0.00000000000000000001
1.629075       -0.00000000000000000001
1.629733       -0.00000000000000000001
1.630391       -0.00000000000000000001
1.631049       -0.00000000000000000001
1.631707       -0.00000000000000000001
1.632366       -0.00000000000000000001
1.633024       -0.00000000000000000001
1.633682       -0.00000000000000000001
1.634340       -0.00000000000000000001
1.634999       -0.00000000000000000001
1.635657       -0.00000000000000000001
1.636315       -0.00000000000000000001
1.636973       -0.00000000000000000001
1.637631       -0.00000000000000000001
1.638290       -0.00000000000000000001
1.638948       -0.00000000000000000001
1.639606       -0.00000000000000000001
1.640264       -0.00000000000000000001
1.640922       -0.00000000000000000001
1.641581       -0.00000000000000000001
1.642239       -0.00000000000000000001
1.642897       -0.00000000000000000001
1.643555       -0.00000000000000000001
1.644213       -0.00000000000000000001
1.644872       -0.00000000000000000001
1.645530       -0.00000000000000000001
1.646188       -0.00000000000000000001
1.646846       -0.00000000000000000001
1.647505       -0.00000000000000000001
1.648163       -0.00000000000000000001
1.648821       -0.00000000000000000001
1.649479       -0.00000000000000000001
1.650137       -0.00000000000000000001
1.650796       -0.00000000000000000001
1.651454       -0.00000000000000000001
1.652112       -0.00000000000000000001
1.652770       -0.00000000000000000001
1.653428       -0.00000000000000000001
1.654087       -0.00000000000000000001
1.654745       -0.00000000000000000001
1.655403       -0.00000000000000000001
1.656061       -0.00000000000000000001
1.656719       -0.00000000000000000001
1.657378       -0.00000000000000000001
1.658036       -0.00000000000000000001
1.658694       -0.00000000000000000001
1.659352       -0.00000000000000000001
1.660011       -0.00000000000000000001
1.660669       -0.00000000000000000001
1.661327       -0.00000000000000000001
1.661985       -0.00000000000000000001
1.662643       -0.00000000000000000001
1.663302       -0.00000000000000000001
1.663960       -0.00000000000000000001
1.664618       -0.00000000000000000001
1.665276       -0.00000000000000000001
1.665934       -0.00000000000000000001
1.666593       -0.00000000000000000001
1.667251       -0.00000000000000000001
1.667909       -0.00000000000000000001
1.668567       -0.00000000000000000001
1.669226       -0.00000000000000000001
1.669884       -0.00000000000000000001
1.670542       -0.00000000000000000001
1.671200       -0.00000000000000000001
1.671858       -0.00000000000000000001
1.672517       -0.00000000000000000001
1.673175       -0.00000000000000000001
1.673833       -0.00000000000000000001
1.674491       -0.00000000000000000001
1.675149       -0.00000000000000000001
1.675808       -0.00000000000000000001
1.676466       -0.00000000000000000001
1.677124       -0.00000000000000000001
1.677782       -0.00000000000000000001
1.678440       -0.00000000000000000001
1.679099       -0.00000000000000000001
1.679757       -0.00000000000000000001
1.680415       -0.00000000000000000001
1.681073       -0.00000000000000000001
1.681732       -0.00000000000000000001
1.682390       -0.00000000000000000001
1.683048       -0.00000000000000000001
1.683706       -0.00000000000000000001
1.684364       -0.00000000000000000001
1.685023       -0.00000000000000000001
1.685681       -0.00000000000000000001
1.686339       -0.00000000000000000001
1.686997       -0.00000000000000000001
1.687655       -0.00000000000000000001
1.688314       -0.00000000000000000001
1.688972       -0.00000000000000000001
1.689630       -0.00000000000000000001
1.690288       -0.00000000000000000001
1.690947       -0.00000000000000000001
1.691605       -0.00000000000000000001
1.692263       -0.00000000000000000001
1.692921       -0.00000000000000000001
1.693579       -0.00000000000000000001
1.694238       -0.00000000000000000001
1.694896       -0.00000000000000000001
1.695554       -0.00000000000000000001
1.696212       -0.00000000000000000001
1.696870       -0.00000000000000000001
1.697529       -0.00000000000000000001
1.698187       -0.00000000000000000001
1.698845       -0.00000000000000000001
1.699503       -0.00000000000000000001
1.700161       -0.00000000000000000001
1.700820       -0.00000000000000000001
1.701478       -0.00000000000000000001
1.702136       -0.00000000000000000001
1.702794       -0.00000000000000000001
1.703453       -0.00000000000000000001
1.704111       -0.00000000000000000001
1.704769       -0.00000000000000000001
1.705427       -0.00000000000000000001
1.706085       -0.00000000000000000001
1.706744       -0.00000000000000000001
1.707402       -0.00000000000000000001
1.708060       -0.00000000000000000001
1.708718       -0.00000000000000000001
1.709376       -0.00000000000000000001
1.710035       -0.00000000000000000001
1.710693       -0.00000000000000000001
1.711351       -0.00000000000000000001
1.712009       -0.00000000000000000001
1.712668       -0.00000000000000000001
1.713326       -0.00000000000000000001
1.713984       -0.00000000000000000001
1.714642       -0.00000000000000000001
1.715300       -0.00000000000000000001
1.715959       -0.00000000000000000001
1.716617       -0.00000000000000000001
1.717275       -0.00000000000000000001
1.717933       -0.00000000000000000001
1.718591       -0.00000000000000000001
1.719250       -0.00000000000000000001
1.719908       -0.00000000000000000001
1.720566       -0.00000000000000000001
1.721224       -0.00000000000000000001
1.721882       -0.00000000000000000001
1.722541       -0.00000000000000000001
1.723199       -0.00000000000000000001
1.723857       -0.00000000000000000001
1.724515       -0.00000000000000000001
1.725174       -0.00000000000000000001
1.725832       -0.00000000000000000001
1.726490       -0.00000000000000000001
1.727148       -0.00000000000000000001
1.727806       -0.00000000000000000001
1.728465       -0.00000000000000000001
1.729123       -0.00000000000000000001
1.729781       -0.00000000000000000001
1.730439       -0.00000000000000000001
1.731097       -0.00000000000000000001
1.731756       -0.00000000000000000001
1.732414       -0.00000000000000000001
1.733072       -0.00000000000000000001
1.733730       -0.00000000000000000001
1.734389       -0.00000000000000000001
1.735047       -0.00000000000000000001
1.735705       -0.00000000000000000001
1.736363       -0.00000000000000000001
1.737021       -0.00000000000000000001
1.737680       -0.00000000000000000001
1.738338       -0.00000000000000000001
1.738996       -0.00000000000000000001
1.739654       -0.00000000000000000001
1.740312       -0.00000000000000000001
1.740971       -0.00000000000000000001
1.741629       -0.00000000000000000001
1.742287       -0.00000000000000000001
1.742945       -0.00000000000000000001
1.743603       -0.00000000000000000001
1.744262       -0.00000000000000000001
1.744920       -0.00000000000000000001
1.745578       -0.00000000000000000001
1.746236       -0.00000000000000000001
1.746895       -0.00000000000000000001
1.747553       -0.00000000000000000001
1.748211       -0.00000000000000000001
1.748869       -0.00000000000000000001
1.749527       -0.00000000000000000001
1.750186       -0.00000000000000000001
1.750844       -0.00000000000000000001
1.751502       -0.00000000000000000001
1.752160       -0.00000000000000000001
1.752818       -0.00000000000000000001
1.753477       -0.00000000000000000001
1.754135       -0.00000000000000000001
1.754793       -0.00000000000000000001
1.755451       -0.00000000000000000001
1.756110       -0.00000000000000000001
1.756768       -0.00000000000000000001
1.757426       -0.00000000000000000001
1.758084       -0.00000000000000000001
1.758742       -0.00000000000000000001
1.759401       -0.00000000000000000001
1.760059       -0.00000000000000000001
1.760717       -0.00000000000000000001
1.761375       -0.00000000000000000001
1.762033       -0.00000000000000000001
1.762692       -0.00000000000000000001
1.763350       -0.00000000000000000001
1.764008       -0.00000000000000000001
1.764666       -0.00000000000000000001
1.765324       -0.00000000000000000001
1.765983       -0.00000000000000000001
1.766641       -0.00000000000000000001
1.767299       -0.00000000000000000001
1.767957       -0.00000000000000000001
1.768616       -0.00000000000000000001
1.769274       -0.00000000000000000001
1.769932       -0.00000000000000000001
1.770590       -0.00000000000000000001
1.771248       -0.00000000000000000001
1.771907       -0.00000000000000000001
1.772565       -0.00000000000000000001
1.773223       -0.00000000000000000001
1.773881       -0.00000000000000000001
1.774539       -0.00000000000000000001
1.775198       -0.00000000000000000001
1.775856       -0.00000000000000000001
1.776514       -0.00000000000000000001
1.777172       -0.00000000000000000001
1.777830       -0.00000000000000000001
1.778489       -0.00000000000000000001
1.779147       -0.00000000000000000001
1.779805       -0.00000000000000000001
1.780463       -0.00000000000000000001
1.781122       -0.00000000000000000001
1.781780       -0.00000000000000000001
1.782438       -0.00000000000000000001
1.783096       -0.00000000000000000001
1.783754       -0.00000000000000000001
1.784413       -0.00000000000000000001
1.785071       -0.00000000000000000001
1.785729       -0.00000000000000000001
1.786387       -0.00000000000000000001
1.787045       -0.00000000000000000001
1.787704       -0.00000000000000000001
1.788362       -0.00000000000000000001
1.789020       -0.00000000000000000001
1.789678       -0.00000000000000000001
1.790337       -0.00000000000000000001
1.790995       -0.00000000000000000001
1.791653       -0.00000000000000000001
1.792311       -0.00000000000000000001
1.792969       -0.00000000000000000001
1.793628       -0.00000000000000000001
1.794286       -0.00000000000000000001
1.794944       -0.00000000000000000001
1.795602       -0.00000000000000000001
1.796260       -0.00000000000000000001
1.796919       -0.00000000000000000001
1.797577       -0.00000000000000000001
1.798235       -0.00000000000000000001
1.798893       -0.00000000000000000001
1.799551       -0.00000000000000000001
1.800210       -0.00000000000000000001
1.800868       -0.00000000000000000001
1.801526       -0.00000000000000000001
1.802184       -0.00000000000000000001
1.802843       -0.00000000000000000001
1.803501       -0.00000000000000000001
1.804159       -0.00000000000000000001
1.804817       -0.00000000000000000001
1.805475       -0.00000000000000000001
1.806134       -0.00000000000000000001
1.806792       -0.00000000000000000001
1.807450       -0.00000000000000000001
1.808108       -0.00000000000000000001
1.808766       -0.00000000000000000001
1.809425       -0.00000000000000000001
1.810083       -0.00000000000000000001
1.810741       -0.00000000000000000001
1.811399       -0.00000000000000000001
1.812058       -0.00000000000000000001
1.812716       -0.00000000000000000001
1.813374       -0.00000000000000000001
1.814032       -0.00000000000000000001
1.814690       -0.00000000000000000001
1.815349       -0.00000000000000000001
1.816007       -0.00000000000000000001
1.816665       -0.00000000000000000001
1.817323       -0.00000000000000000001
1.817981       -0.00000000000000000001
1.818640       -0.00000000000000000001
1.819298       -0.00000000000000000001
1.819956       -0.00000000000000000001
1.820614       -0.00000000000000000001
1.821272       -0.00000000000000000001
1.821931       -0.00000000000000000001
1.822589       -0.00000000000000000001
1.823247       -0.00000000000000000001
1.823905       -0.00000000000000000001
1.824564       -0.00000000000000000001
1.825222       -0.00000000000000000001
1.825880       -0.00000000000000000001
1.826538       -0.00000000000000000001
1.827196       -0.00000000000000000001
1.827855       -0.00000000000000000001
1.828513       -0.00000000000000000001
1.829171       -0.00000000000000000001
1.829829       -0.00000000000000000001
1.830487       -0.00000000000000000001
1.831146       -0.00000000000000000001
1.831804       -0.00000000000000000001
1.832462       -0.00000000000000000001
1.833120       -0.00000000000000000001
1.833779       -0.00000000000000000001
1.834437       -0.00000000000000000001
1.835095       -0.00000000000000000001
1.835753       -0.00000000000000000001
1.836411       -0.00000000000000000002
1.837070       -0.00000000000000000002
1.837728       -0.00000000000000000002
1.838386       -0.00000000000000000002
1.839044       -0.00000000000000000002
1.839702       -0.00000000000000000002
1.840361       -0.00000000000000000002
1.841019       -0.00000000000000000002
1.841677       -0.00000000000000000002
1.842335       -0.00000000000000000002
1.842993       -0.00000000000000000002
1.843652       -0.00000000000000000002
1.844310       -0.00000000000000000002
1.844968       -0.00000000000000000002
1.845626       -0.00000000000000000002
1.846285       -0.00000000000000000002
1.846943       -0.00000000000000000002
1.847601       -0.00000000000000000002
1.848259       -0.00000000000000000002
1.848917       -0.00000000000000000002
1.849576       -0.00000000000000000002
1.850234       -0.00000000000000000002
1.850892       -0.00000000000000000002
1.851550       -0.00000000000000000002
1.852208       -0.00000000000000000002
1.852867       -0.00000000000000000002
1.853525       -0.00000000000000000002
1.854183       -0.00000000000000000002
1.854841       -0.00000000000000000002
1.855500       -0.00000000000000000002
1.856158       -0.00000000000000000002
1.856816       -0.00000000000000000002
1.857474       -0.00000000000000000002
1.858132       -0.00000000000000000002
1.858791       -0.00000000000000000002
1.859449       -0.00000000000000000002
1.860107       -0.00000000000000000002
1.860765       -0.00000000000000000002
1.861423       -0.00000000000000000002
1.862082       -0.00000000000000000002
1.862740       -0.00000000000000000002
1.863398       -0.00000000000000000002
1.864056       -0.00000000000000000002
1.864714       -0.00000000000000000002
1.865373       -0.00000000000000000002
1.866031       -0.00000000000000000002
1.866689       -0.00000000000000000002
1.867347       -0.00000000000000000002
1.868006       -0.00000000000000000002
1.868664       -0.00000000000000000002
1.869322       -0.00000000000000000002
1.869980       -0.00000000000000000002
1.870638       -0.00000000000000000002
1.871297       -0.00000000000000000002
1.871955       -0.00000000000000000002
1.872613       -0.00000000000000000002
1.873271       -0.00000000000000000002
1.873929       -0.00000000000000000002
1.874588       -0.00000000000000000002
1.875246       -0.00000000000000000002
1.875904       -0.00000000000000000002
1.876562       -0.00000000000000000002
1.877221       -0.00000000000000000002
1.877879       -0.00000000000000000002
1.878537       -0.00000000000000000002
1.879195       -0.00000000000000000002
1.879853       -0.00000000000000000002
1.880512       -0.00000000000000000002
1.881170       -0.00000000000000000002
1.881828       -0.00000000000000000002
1.882486       -0.00000000000000000002
1.883144       -0.00000000000000000002
1.883803       -0.00000000000000000002
1.884461       -0.00000000000000000002
1.885119       -0.00000000000000000002
1.885777       -0.00000000000000000002
1.886435       -0.00000000000000000002
1.887094       -0.00000000000000000002
1.887752       -0.00000000000000000002
1.888410       -0.00000000000000000002
1.889068       -0.00000000000000000002
1.889727       -0.00000000000000000002
1.890385       -0.00000000000000000002
1.891043       -0.00000000000000000002
1.891701       -0.00000000000000000002
1.892359       -0.00000000000000000002
1.893018       -0.00000000000000000002
1.893676       -0.00000000000000000002
1.894334       -0.00000000000000000002
1.894992       -0.00000000000000000002
1.895650       -0.00000000000000000002
1.896309       -0.00000000000000000002
1.896967       -0.00000000000000000002
1.897625       -0.00000000000000000002
1.898283       -0.00000000000000000002
1.898941       -0.00000000000000000002
1.899600       -0.00000000000000000002
1.900258       -0.00000000000000000002
1.900916       -0.00000000000000000002
1.901574       -0.00000000000000000002
1.902233       -0.00000000000000000002
1.902891       -0.00000000000000000002
1.903549       -0.00000000000000000002
1.904207       -0.00000000000000000002
1.904865       -0.00000000000000000002
1.905524       -0.00000000000000000002
1.906182       -0.00000000000000000002
1.906840       -0.00000000000000000002
1.907498       -0.00000000000000000002
1.908156       -0.00000000000000000002
1.908815       -0.00000000000000000002
1.909473       -0.00000000000000000002
1.910131       -0.00000000000000000002
1.910789       -0.00000000000000000002
1.911448       -0.00000000000000000002
1.912106       -0.00000000000000000002
1.912764       -0.00000000000000000002
1.913422       -0.00000000000000000002
1.914080       -0.00000000000000000002
1.914739       -0.00000000000000000002
1.915397       -0.00000000000000000002
1.916055       -0.00000000000000000002
1.916713       -0.00000000000000000002
1.917371       -0.00000000000000000002
1.918030       -0.00000000000000000002
1.918688       -0.00000000000000000002
1.919346       -0.00000000000000000002
1.920004       -0.00000000000000000002
1.920662       -0.00000000000000000002
1.921321       -0.00000000000000000002
1.921979       -0.00000000000000000002
1.922637       -0.00000000000000000002
1.923295       -0.00000000000000000002
1.923954       -0.00000000000000000002
1.924612       -0.00000000000000000002
1.925270       -0.00000000000000000002
1.925928       -0.00000000000000000002
1.926586       -0.00000000000000000002
1.927245       -0.00000000000000000002
1.927903       -0.00000000000000000002
1.928561       -0.00000000000000000002
1.929219       -0.00000000000000000002
1.929877       -0.00000000000000000002
1.930536       -0.00000000000000000002
1.931194       -0.00000000000000000002
1.931852       -0.00000000000000000002
1.932510       -0.00000000000000000002
1.933169       -0.00000000000000000002
1.933827       -0.00000000000000000002
1.934485       -0.00000000000000000002
1.935143       -0.00000000000000000002
1.935801       -0.00000000000000000002
1.936460       -0.00000000000000000002
1.937118       -0.00000000000000000002
1.937776       -0.00000000000000000002
1.938434       -0.00000000000000000002
1.939092       -0.00000000000000000002
1.939751       -0.00000000000000000002
1.940409       -0.00000000000000000002
1.941067       -0.00000000000000000002
1.941725       -0.00000000000000000002
1.942383       -0.00000000000000000002
1.943042       -0.00000000000000000002
1.943700       -0.00000000000000000002
1.944358       -0.00000000000000000002
1.945016       -0.00000000000000000002
1.945675       -0.00000000000000000002
1.946333       -0.00000000000000000002
1.946991       -0.00000000000000000002
1.947649       -0.00000000000000000002
1.948307       -0.00000000000000000002
1.948966       -0.00000000000000000002
1.949624       -0.00000000000000000002
1.950282       -0.00000000000000000002
1.950940       -0.00000000000000000002
1.951598       -0.00000000000000000002
1.952257       -0.00000000000000000002
1.952915       -0.00000000000000000002
1.953573       -0.00000000000000000002
1.954231       -0.00000000000000000002
1.954890       -0.00000000000000000002
1.955548       -0.00000000000000000002
1.956206       -0.00000000000000000002
1.956864       -0.00000000000000000002
1.957522       -0.00000000000000000002
1.958181       -0.00000000000000000002
1.958839       -0.00000000000000000002
1.959497       -0.00000000000000000002
1.960155       -0.00000000000000000002
1.960813       -0.00000000000000000002
1.961472       -0.00000000000000000002
1.962130       -0.00000000000000000002
1.962788       -0.00000000000000000002
1.963446       -0.00000000000000000002
1.964104       -0.00000000000000000002
1.964763       -0.00000000000000000002
1.965421       -0.00000000000000000002
1.966079       -0.00000000000000000002
1.966737       -0.00000000000000000002
1.967396       -0.00000000000000000002
1.968054       -0.00000000000000000002
1.968712       -0.00000000000000000002
1.969370       -0.00000000000000000002
1.970028       -0.00000000000000000002
1.970687       -0.00000000000000000002
1.971345       -0.00000000000000000002
1.972003       -0.00000000000000000002
1.972661       -0.00000000000000000002
1.973319       -0.00000000000000000002
1.973978       -0.00000000000000000002
1.974636       -0.00000000000000000002
1.975294       -0.00000000000000000002
1.975952       -0.00000000000000000002
1.976611       -0.00000000000000000002
1.977269       -0.00000000000000000002
1.977927       -0.00000000000000000002
1.978585       -0.00000000000000000002
1.979243       -0.00000000000000000002
1.979902       -0.00000000000000000002
1.980560       -0.00000000000000000002
1.981218       -0.00000000000000000003
1.981876       -0.00000000000000000003
1.982534       -0.00000000000000000003
1.983193       -0.00000000000000000003
1.983851       -0.00000000000000000003
1.984509       -0.00000000000000000003
1.985167       -0.00000000000000000003
1.985825       -0.00000000000000000003
1.986484       -0.00000000000000000003
1.987142       -0.00000000000000000003
1.987800       -0.00000000000000000003
1.988458       -0.00000000000000000003
1.989117       -0.00000000000000000003
1.989775       -0.00000000000000000003
1.990433       -0.00000000000000000003
1.991091       -0.00000000000000000003
1.991749       -0.00000000000000000003
1.992408       -0.00000000000000000003
1.993066       -0.00000000000000000003
1.993724       -0.00000000000000000003
1.994382       -0.00000000000000000003
1.995040       -0.00000000000000000003
1.995699       -0.00000000000000000003
1.996357       -0.00000000000000000003
1.997015       -0.00000000000000000003
1.997673       -0.00000000000000000003
1.998332       -0.00000000000000000003
1.998990       -0.00000000000000000003
1.999648       -0.00000000000000000003
2.000306       -0.00000000000000000003
2.000964       -0.00000000000000000003
2.001623       -0.00000000000000000003
2.002281       -0.00000000000000000003
2.002939       -0.00000000000000000003
2.003597       -0.00000000000000000003
2.004255       -0.00000000000000000003
2.004914       -0.00000000000000000003
2.005572       -0.00000000000000000003
2.006230       -0.00000000000000000003
2.006888       -0.00000000000000000003
2.007546       -0.00000000000000000003
2.008205       -0.00000000000000000003
2.008863       -0.00000000000000000003
2.009521       -0.00000000000000000003
2.010179       -0.00000000000000000003
2.010838       -0.00000000000000000003
2.011496       -0.00000000000000000003
2.012154       -0.00000000000000000003
2.012812       -0.00000000000000000003
2.013470       -0.00000000000000000003
2.014129       -0.00000000000000000003
2.014787       -0.00000000000000000003
2.015445       -0.00000000000000000003
2.016103       -0.00000000000000000003
2.016761       -0.00000000000000000003
2.017420       -0.00000000000000000003
2.018078       -0.00000000000000000003
2.018736       -0.00000000000000000003
2.019394       -0.00000000000000000003
2.020052       -0.00000000000000000003
2.020711       -0.00000000000000000003
2.021369       -0.00000000000000000003
2.022027       -0.00000000000000000003
2.022685       -0.00000000000000000003
2.023344       -0.00000000000000000003
2.024002       -0.00000000000000000003
2.024660       -0.00000000000000000003
2.025318       -0.00000000000000000003
2.025976       -0.00000000000000000003
2.026635       -0.00000000000000000003
2.027293       -0.00000000000000000003
2.027951       -0.00000000000000000003
2.028609       -0.00000000000000000003
2.029267       -0.00000000000000000003
2.029926       -0.00000000000000000003
2.030584       -0.00000000000000000003
2.031242       -0.00000000000000000003
2.031900       -0.00000000000000000003
2.032559       -0.00000000000000000003
2.033217       -0.00000000000000000003
2.033875       -0.00000000000000000003
2.034533       -0.00000000000000000003
2.035191       -0.00000000000000000003
2.035850       -0.00000000000000000003
2.036508       -0.00000000000000000003
2.037166       -0.00000000000000000003
2.037824       -0.00000000000000000003
2.038482       -0.00000000000000000003
2.039141       -0.00000000000000000003
2.039799       -0.00000000000000000003
2.040457       -0.00000000000000000003
2.041115       -0.00000000000000000003
2.041773       -0.00000000000000000003
2.042432       -0.00000000000000000003
2.043090       -0.00000000000000000003
2.043748       -0.00000000000000000003
2.044406       -0.00000000000000000003
2.045065       -0.00000000000000000003
2.045723       -0.00000000000000000003
2.046381       -0.00000000000000000003
2.047039       -0.00000000000000000003
2.047697       -0.00000000000000000004
2.048356       -0.00000000000000000004
2.049014       -0.00000000000000000004
2.049672       -0.00000000000000000004
2.050330       -0.00000000000000000004
2.050988       -0.00000000000000000004
2.051647       -0.00000000000000000004
2.052305       -0.00000000000000000004
2.052963       -0.00000000000000000004
2.053621       -0.00000000000000000004
2.054280       -0.00000000000000000004
2.054938       -0.00000000000000000003
2.055596       -0.00000000000000000003
2.056254       -0.00000000000000000003
2.056912       -0.00000000000000000003
2.057571       -0.00000000000000000003
2.058229       -0.00000000000000000003
2.058887       -0.00000000000000000003
2.059545       -0.00000000000000000003
2.060203       -0.00000000000000000003
2.060862       -0.00000000000000000003
2.061520       -0.00000000000000000003
2.062178       -0.00000000000000000003
2.062836       -0.00000000000000000003
2.063494       -0.00000000000000000003
2.064153       -0.00000000000000000003
2.064811       -0.00000000000000000003
2.065469       -0.00000000000000000003
2.066127       -0.00000000000000000003
2.066786       -0.00000000000000000003
2.067444       -0.00000000000000000002
2.068102       -0.00000000000000000002
2.068760       -0.00000000000000000002
2.069418       -0.00000000000000000002
2.070077       -0.00000000000000000002
2.070735       -0.00000000000000000002
2.071393       -0.00000000000000000001
2.072051       -0.00000000000000000001
2.072709       -0.00000000000000000001
2.073368       -0.00000000000000000000
2.074026       -0.00000000000000000000
2.074684       0.00000000000000000000
2.075342       0.00000000000000000001
2.076001       0.00000000000000000001
2.076659       0.00000000000000000002
2.077317       0.00000000000000000002
2.077975       0.00000000000000000003
2.078633       0.00000000000000000004
2.079292       0.00000000000000000004
2.079950       0.00000000000000000005
2.080608       0.00000000000000000006
2.081266       0.00000000000000000007
2.081924       0.00000000000000000008
2.082583       0.00000000000000000009
2.083241       0.00000000000000000011
2.083899       0.00000000000000000012
2.084557       0.00000000000000000014
2.085215       0.00000000000000000015
2.085874       0.00000000000000000017
2.086532       0.00000000000000000019
2.087190       0.00000000000000000022
2.087848       0.00000000000000000024
2.088507       0.00000000000000000027
2.089165       0.00000000000000000030
2.089823       0.00000000000000000033
2.090481       0.00000000000000000036
2.091139       0.00000000000000000040
2.091798       0.00000000000000000044
2.092456       0.00000000000000000048
2.093114       0.00000000000000000053
2.093772       0.00000000000000000059
2.094430       0.00000000000000000064
2.095089       0.00000000000000000071
2.095747       0.00000000000000000077
2.096405       0.00000000000000000085
2.097063       0.00000000000000000093
2.097722       0.00000000000000000102
2.098380       0.00000000000000000111
2.099038       0.00000000000000000122
2.099696       0.00000000000000000133
2.100354       0.00000000000000000145
2.101013       0.00000000000000000159
2.101671       0.00000000000000000173
2.102329       0.00000000000000000189
2.102987       0.00000000000000000206
2.103645       0.00000000000000000225
2.104304       0.00000000000000000245
2.104962       0.00000000000000000267
2.105620       0.00000000000000000291
2.106278       0.00000000000000000317
2.106936       0.00000000000000000345
2.107595       0.00000000000000000375
2.108253       0.00000000000000000408
2.108911       0.00000000000000000444
2.109569       0.00000000000000000483
2.110228       0.00000000000000000525
2.110886       0.00000000000000000571
2.111544       0.00000000000000000620
2.112202       0.00000000000000000673
2.112860       0.00000000000000000731
2.113519       0.00000000000000000794
2.114177       0.00000000000000000861
2.114835       0.00000000000000000934
2.115493       0.00000000000000001014
2.116151       0.00000000000000001099
2.116810       0.00000000000000001192
2.117468       0.00000000000000001292
2.118126       0.00000000000000001400
2.118784       0.00000000000000001517
2.119443       0.00000000000000001643
2.120101       0.00000000000000001779
2.120759       0.00000000000000001926
2.121417       0.00000000000000002084
2.122075       0.00000000000000002255
2.122734       0.00000000000000002440
2.123392       0.00000000000000002639
2.124050       0.00000000000000002853
2.124708       0.00000000000000003084
2.125366       0.00000000000000003333
2.126025       0.00000000000000003601
2.126683       0.00000000000000003890
2.127341       0.00000000000000004200
2.127999       0.00000000000000004535
2.128657       0.00000000000000004894
2.129316       0.00000000000000005281
2.129974       0.00000000000000005697
2.130632       0.00000000000000006144
2.131290       0.00000000000000006624
2.131949       0.00000000000000007140
2.132607       0.00000000000000007694
2.133265       0.00000000000000008289
2.133923       0.00000000000000008928
2.134581       0.00000000000000009613
2.135240       0.00000000000000010347
2.135898       0.00000000000000011135
2.136556       0.00000000000000011979
2.137214       0.00000000000000012883
2.137872       0.00000000000000013852
2.138531       0.00000000000000014890
2.139189       0.00000000000000016000
2.139847       0.00000000000000017188
2.140505       0.00000000000000018459
2.141163       0.00000000000000019818
2.141822       0.00000000000000021270
2.142480       0.00000000000000022822
2.143138       0.00000000000000024480
2.143796       0.00000000000000026250
2.144455       0.00000000000000028139
2.145113       0.00000000000000030154
2.145771       0.00000000000000032304
2.146429       0.00000000000000034595
2.147087       0.00000000000000037037
2.147746       0.00000000000000039638
2.148404       0.00000000000000042407
2.149062       0.00000000000000045355
2.149720       0.00000000000000048491
2.150378       0.00000000000000051826
2.151037       0.00000000000000055370
2.151695       0.00000000000000059137
2.152353       0.00000000000000063137
2.153011       0.00000000000000067383
2.153670       0.00000000000000071888
2.154328       0.00000000000000076666
2.154986       0.00000000000000081731
2.155644       0.00000000000000087097
2.156302       0.00000000000000092779
2.156961       0.00000000000000098794
2.157619       0.00000000000000105156
2.158277       0.00000000000000111884
2.158935       0.00000000000000118993
2.159593       0.00000000000000126502
2.160252       0.00000000000000134428
2.160910       0.00000000000000142791
2.161568       0.00000000000000151608
2.162226       0.00000000000000160899
2.162884       0.00000000000000170685
2.163543       0.00000000000000180983
2.164201       0.00000000000000191816
2.164859       0.00000000000000203203
2.165517       0.00000000000000215164
2.166176       0.00000000000000227724
2.166834       0.00000000000000240899
2.167492       0.00000000000000254712
2.168150       0.00000000000000269186
2.168808       0.00000000000000284336
2.169467       0.00000000000000300186
2.170125       0.00000000000000316756
2.170783       0.00000000000000334063
2.171441       0.00000000000000352132
2.172099       0.00000000000000370978
2.172758       0.00000000000000390618
2.173416       0.00000000000000411070
2.174074       0.00000000000000432341
2.174732       0.00000000000000454454
2.175391       0.00000000000000477427
2.176049       0.00000000000000501255
2.176707       0.00000000000000525948
2.177365       0.00000000000000551552
2.178023       0.00000000000000578021
2.178682       0.00000000000000605344
2.179340       0.00000000000000633593
2.179998       0.00000000000000662715
2.180656       0.00000000000000692678
2.181314       0.00000000000000723508
2.181973       0.00000000000000755206
2.182631       0.00000000000000787753
2.183289       0.00000000000000821016
2.183947       0.00000000000000855019
2.184605       0.00000000000000889885
2.185264       0.00000000000000925394
2.185922       0.00000000000000961378
2.186580       0.00000000000000998073
2.187238       0.00000000000001035464
2.187897       0.00000000000001073027
2.188555       0.00000000000001110829
2.189213       0.00000000000001149193
2.189871       0.00000000000001187744
2.190529       0.00000000000001226167
2.191188       0.00000000000001264509
2.191846       0.00000000000001303096
2.192504       0.00000000000001341493
2.193162       0.00000000000001378363
2.193820       0.00000000000001415062
2.194479       0.00000000000001452313
2.195137       0.00000000000001487195
2.195795       0.00000000000001520330
2.196453       0.00000000000001554293
2.197112       0.00000000000001587284
2.197770       0.00000000000001614446
2.198428       0.00000000000001618610
2.199086       0.00000000000001667389
2.199744       0.00000000000001692256
2.200403       0.00000000000001715893
2.201061       0.00000000000001733509
2.201719       0.00000000000001748794
2.202377       0.00000000000001762649
2.203035       0.00000000000001771274
2.203694       0.00000000000001776287
2.204352       0.00000000000001778074
2.205010       0.00000000000001776239
2.205668       0.00000000000001773622
2.206326       0.00000000000001763136
2.206985       0.00000000000001748268
2.207643       0.00000000000001734992
2.208301       0.00000000000001712989
2.208959       0.00000000000001686864
2.209618       0.00000000000001656650
2.210276       0.00000000000001620420
2.210934       0.00000000000001585480
2.211592       0.00000000000001547030
2.212250       0.00000000000001496984
2.212909       0.00000000000001441903
2.213567       0.00000000000001397964
2.214225       0.00000000000001345842
2.214883       0.00000000000001284355
2.215541       0.00000000000001224044
2.216200       0.00000000000001161623
2.216858       0.00000000000001103874
2.217516       0.00000000000001044092
2.218174       0.00000000000000944355
2.218833       0.00000000000000892924
2.219491       0.00000000000000826678
2.220149       0.00000000000000742368
2.220807       0.00000000000000724569
2.221465       0.00000000000000653924
2.222124       0.00000000000000485892
2.222782       0.00000000000000445671
2.223440       0.00000000000000454737
2.224098       0.00000000000000424247
2.224756       0.00000000000000281754
2.225415       0.00000000000000278722
2.226073       0.00000000000000281536
2.226731       0.00000000000000214462
2.227389       0.00000000000000035494
2.228047       -0.00000000000000094851
2.228706       -0.00000000000000086494
2.229364       0.00000000000000034398
2.230022       -0.00000000000000037642
2.230680       0.00000000000000279508
2.231339       -0.00000000000000071309
2.231997       -0.00000000000000020099
2.232655       0.00000000000000035610
2.233313       0.00000000000000001267
2.233971       -0.00000000000000022460
2.234630       0.00000000000000005168
2.235288       0.00000000000000014312
2.235946       -0.00000000000000007397
2.236604       -0.00000000000000008515
2.237262       0.00000000000000007680
2.237921       0.00000000000000004429
2.238579       -0.00000000000000006851
2.239237       -0.00000000000000001582
2.239895       0.00000000000000005580
2.240554       -0.00000000000000000171
2.241212       -0.00000000000000004124
2.241870       0.00000000000000001171
2.242528       0.00000000000000002816
2.243186       -0.00000000000000001535
2.243845       -0.00000000000000001686
2.244503       0.00000000000000001563
2.245161       0.00000000000000000880
2.245819       -0.00000000000000001326
2.246477       -0.00000000000000000296
2.247136       0.00000000000000001045
2.247794       -0.00000000000000000016
2.248452       -0.00000000000000000715
2.249110       0.00000000000000000201
2.249768       0.00000000000000000473
2.250427       -0.00000000000000000230
2.251085       -0.00000000000000000251
2.251743       0.00000000000000000235
2.252401       0.00000000000000000135
2.253060       -0.00000000000000000170
2.253718       -0.00000000000000000032
2.254376       0.00000000000000000138
2.255034       0.00000000000000000008
2.255692       -0.00000000000000000073
2.256351       0.00000000000000000029
2.257009       0.00000000000000000057
2.257667       -0.00000000000000000014
2.258325       -0.00000000000000000016
2.258983       0.00000000000000000029
2.259642       0.00000000000000000020
2.260300       -0.00000000000000000006
2.260958       0.00000000000000000005
2.261616       0.00000000000000000018
2.262274       0.00000000000000000008
2.262933       0.00000000000000000003
2.263591       0.00000000000000000010
2.264249       0.00000000000000000011
2.264907       0.00000000000000000007
2.265566       0.00000000000000000007
2.266224       0.00000000000000000009
2.266882       0.00000000000000000009
2.267540       0.00000000000000000007
2.268198       0.00000000000000000008
2.268857       0.00000000000000000008
2.269515       0.00000000000000000008
2.270173       0.00000000000000000007
2.270831       0.00000000000000000008
2.271489       0.00000000000000000008
2.272148       0.00000000000000000007
2.272806       0.00000000000000000007
2.273464       0.00000000000000000007
2.274122       0.00000000000000000007
2.274781       0.00000000000000000007
2.275439       0.00000000000000000007
2.276097       0.00000000000000000007
2.276755       0.00000000000000000007
2.277413       0.00000000000000000007
2.278072       0.00000000000000000007
2.278730       0.00000000000000000007
2.279388       0.00000000000000000007
2.280046       0.00000000000000000007
2.280704       0.00000000000000000007
2.281363       0.00000000000000000007
2.282021       0.00000000000000000007
2.282679       0.00000000000000000006
2.283337       0.00000000000000000006
2.283995       0.00000000000000000006
2.284654       0.00000000000000000006
2.285312       0.00000000000000000006
2.285970       0.00000000000000000006
2.286628       0.00000000000000000006
2.287287       0.00000000000000000006
2.287945       0.00000000000000000006
2.288603       0.00000000000000000006
2.289261       0.00000000000000000006
2.289919       0.00000000000000000006
2.290578       0.00000000000000000006
2.291236       0.00000000000000000006
2.291894       0.00000000000000000006
2.292552       0.00000000000000000006
2.293210       0.00000000000000000006
2.293869       0.00000000000000000006
2.294527       0.00000000000000000006
2.295185       0.00000000000000000006
2.295843       0.00000000000000000006
2.296502       0.00000000000000000006
2.297160       0.00000000000000000006
2.297818       0.00000000000000000005
2.298476       0.00000000000000000005
2.299134       0.00000000000000000005
2.299793       0.00000000000000000005
2.300451       0.00000000000000000005
2.301109       0.00000000000000000005
2.301767       0.00000000000000000005
2.302425       0.00000000000000000005
2.303084       0.00000000000000000005
2.303742       0.00000000000000000005
2.304400       0.00000000000000000005
2.305058       0.00000000000000000005
2.305716       0.00000000000000000005
2.306375       0.00000000000000000005
2.307033       0.00000000000000000005
2.307691       0.00000000000000000005
2.308349       0.00000000000000000005
2.309008       0.00000000000000000005
2.309666       0.00000000000000000005
2.310324       0.00000000000000000005
2.310982       0.00000000000000000005
2.311640       0.00000000000000000005
2.312299       0.00000000000000000005
2.312957       0.00000000000000000005
2.313615       0.00000000000000000005
2.314273       0.00000000000000000005
2.314931       0.00000000000000000005
2.315590       0.00000000000000000005
2.316248       0.00000000000000000005
2.316906       0.00000000000000000005
2.317564       0.00000000000000000005
2.318223       0.00000000000000000005
2.318881       0.00000000000000000005
2.319539       0.00000000000000000004
2.320197       0.00000000000000000004
2.320855       0.00000000000000000004
2.321514       0.00000000000000000004
2.322172       0.00000000000000000004
2.322830       0.00000000000000000004
2.323488       0.00000000000000000004
2.324146       0.00000000000000000004
2.324805       0.00000000000000000004
2.325463       0.00000000000000000004
2.326121       0.00000000000000000004
2.326779       0.00000000000000000004
2.327437       0.00000000000000000004
2.328096       0.00000000000000000004
2.328754       0.00000000000000000004
2.329412       0.00000000000000000004
2.330070       0.00000000000000000004
2.330729       0.00000000000000000004
2.331387       0.00000000000000000004
2.332045       0.00000000000000000004
2.332703       0.00000000000000000004
2.333361       0.00000000000000000004
2.334020       0.00000000000000000004
2.334678       0.00000000000000000004
2.335336       0.00000000000000000004
2.335994       0.00000000000000000004
2.336652       0.00000000000000000004
2.337311       0.00000000000000000004
2.337969       0.00000000000000000004
2.338627       0.00000000000000000004
2.339285       0.00000000000000000004
2.339944       0.00000000000000000004
2.340602       0.00000000000000000004
2.341260       0.00000000000000000004
2.341918       0.00000000000000000004
2.342576       0.00000000000000000004
2.343235       0.00000000000000000004
2.343893       0.00000000000000000004
2.344551       0.00000000000000000004
2.345209       0.00000000000000000004
2.345867       0.00000000000000000004
2.346526       0.00000000000000000004
2.347184       0.00000000000000000004
2.347842       0.00000000000000000004
2.348500       0.00000000000000000004
2.349158       0.00000000000000000004
2.349817       0.00000000000000000004
2.350475       0.00000000000000000004
2.351133       0.00000000000000000004
2.351791       0.00000000000000000004
2.352450       0.00000000000000000004
2.353108       0.00000000000000000004
2.353766       0.00000000000000000004
2.354424       0.00000000000000000003
2.355082       0.00000000000000000003
2.355741       0.00000000000000000003
2.356399       0.00000000000000000003
2.357057       0.00000000000000000003
2.357715       0.00000000000000000003
2.358373       0.00000000000000000003
2.359032       0.00000000000000000003
2.359690       0.00000000000000000003
2.360348       0.00000000000000000003
2.361006       0.00000000000000000003
2.361665       0.00000000000000000003
2.362323       0.00000000000000000003
2.362981       0.00000000000000000003
2.363639       0.00000000000000000003
2.364297       0.00000000000000000003
2.364956       0.00000000000000000003
2.365614       0.00000000000000000003
2.366272       0.00000000000000000003
2.366930       0.00000000000000000003
2.367588       0.00000000000000000003
2.368247       0.00000000000000000003
2.368905       0.00000000000000000003
2.369563       0.00000000000000000003
2.370221       0.00000000000000000003
2.370879       0.00000000000000000003
2.371538       0.00000000000000000003
2.372196       0.00000000000000000003
2.372854       0.00000000000000000003
2.373512       0.00000000000000000003
2.374171       0.00000000000000000003
2.374829       0.00000000000000000003
2.375487       0.00000000000000000003
2.376145       0.00000000000000000003
2.376803       0.00000000000000000003
2.377462       0.00000000000000000003
2.378120       0.00000000000000000003
2.378778       0.00000000000000000003
2.379436       0.00000000000000000003
2.380094       0.00000000000000000003
2.380753       0.00000000000000000003
2.381411       0.00000000000000000003
2.382069       0.00000000000000000003
2.382727       0.00000000000000000003
2.383385       0.00000000000000000003
2.384044       0.00000000000000000003
2.384702       0.00000000000000000003
2.385360       0.00000000000000000003
2.386018       0.00000000000000000003
2.386677       0.00000000000000000003
2.387335       0.00000000000000000003
2.387993       0.00000000000000000003
2.388651       0.00000000000000000003
2.389309       0.00000000000000000003
2.389968       0.00000000000000000003
2.390626       0.00000000000000000003
2.391284       0.00000000000000000003
2.391942       0.00000000000000000003
2.392600       0.00000000000000000003
2.393259       0.00000000000000000003
2.393917       0.00000000000000000003
2.394575       0.00000000000000000003
2.395233       0.00000000000000000003
2.395892       0.00000000000000000003
2.396550       0.00000000000000000003
2.397208       0.00000000000000000003
2.397866       0.00000000000000000003
2.398524       0.00000000000000000003
2.399183       0.00000000000000000003
2.399841       0.00000000000000000003
2.400499       0.00000000000000000003
2.401157       0.00000000000000000003
2.401815       0.00000000000000000003
2.402474       0.00000000000000000003
2.403132       0.00000000000000000003
2.403790       0.00000000000000000003
2.404448       0.00000000000000000003
2.405106       0.00000000000000000003
2.405765       0.00000000000000000003
2.406423       0.00000000000000000003
2.407081       0.00000000000000000003
2.407739       0.00000000000000000003
2.408398       0.00000000000000000003
2.409056       0.00000000000000000003
2.409714       0.00000000000000000003
2.410372       0.00000000000000000003
2.411030       0.00000000000000000003
2.411689       0.00000000000000000003
2.412347       0.00000000000000000003
2.413005       0.00000000000000000003
2.413663       0.00000000000000000003
2.414321       0.00000000000000000003
2.414980       0.00000000000000000003
2.415638       0.00000000000000000003
2.416296       0.00000000000000000002
2.416954       0.00000000000000000002
2.417613       0.00000000000000000002
2.418271       0.00000000000000000002
2.418929       0.00000000000000000002
2.419587       0.00000000000000000002
2.420245       0.00000000000000000002
2.420904       0.00000000000000000002
2.421562       0.00000000000000000002
2.422220       0.00000000000000000002
2.422878       0.00000000000000000002
2.423536       0.00000000000000000002
2.424195       0.00000000000000000002
2.424853       0.00000000000000000002
2.425511       0.00000000000000000002
2.426169       0.00000000000000000002
2.426827       0.00000000000000000002
2.427486       0.00000000000000000002
2.428144       0.00000000000000000002
2.428802       0.00000000000000000002
2.429460       0.00000000000000000002
2.430119       0.00000000000000000002
2.430777       0.00000000000000000002
2.431435       0.00000000000000000002
2.432093       0.00000000000000000002
2.432751       0.00000000000000000002
2.433410       0.00000000000000000002
2.434068       0.00000000000000000002
2.434726       0.00000000000000000002
2.435384       0.00000000000000000002
2.436042       0.00000000000000000002
2.436701       0.00000000000000000002
2.437359       0.00000000000000000002
2.438017       0.00000000000000000002
2.438675       0.00000000000000000002
2.439334       0.00000000000000000002
2.439992       0.00000000000000000002
2.440650       0.00000000000000000002
2.441308       0.00000000000000000002
2.441966       0.00000000000000000002
2.442625       0.00000000000000000002
2.443283       0.00000000000000000002
2.443941       0.00000000000000000002
2.444599       0.00000000000000000002
2.445257       0.00000000000000000002
2.445916       0.00000000000000000002
2.446574       0.00000000000000000002
2.447232       0.00000000000000000002
2.447890       0.00000000000000000002
2.448548       0.00000000000000000002
2.449207       0.00000000000000000002
2.449865       0.00000000000000000002
2.450523       0.00000000000000000002
2.451181       0.00000000000000000002
2.451840       0.00000000000000000002
2.452498       0.00000000000000000002
2.453156       0.00000000000000000002
2.453814       0.00000000000000000002
2.454472       0.00000000000000000002
2.455131       0.00000000000000000002
2.455789       0.00000000000000000002
2.456447       0.00000000000000000002
2.457105       0.00000000000000000002
2.457763       0.00000000000000000002
2.458422       0.00000000000000000002
2.459080       0.00000000000000000002
2.459738       0.00000000000000000002
2.460396       0.00000000000000000002
2.461055       0.00000000000000000002
2.461713       0.00000000000000000002
2.462371       0.00000000000000000002
2.463029       0.00000000000000000002
2.463687       0.00000000000000000002
2.464346       0.00000000000000000002
2.465004       0.00000000000000000002
2.465662       0.00000000000000000002
2.466320       0.00000000000000000002
2.466978       0.00000000000000000002
2.467637       0.00000000000000000002
2.468295       0.00000000000000000002
2.468953       0.00000000000000000002
2.469611       0.00000000000000000002
2.470269       0.00000000000000000002
2.470928       0.00000000000000000002
2.471586       0.00000000000000000002
2.472244       0.00000000000000000002
2.472902       0.00000000000000000002
2.473561       0.00000000000000000002
2.474219       0.00000000000000000002
2.474877       0.00000000000000000002
2.475535       0.00000000000000000002
2.476193       0.00000000000000000002
2.476852       0.00000000000000000002
2.477510       0.00000000000000000002
2.478168       0.00000000000000000002
2.478826       0.00000000000000000002
2.479484       0.00000000000000000002
2.480143       0.00000000000000000002
2.480801       0.00000000000000000002
2.481459       0.00000000000000000002
2.482117       0.00000000000000000002
2.482776       0.00000000000000000002
2.483434       0.00000000000000000002
2.484092       0.00000000000000000002
2.484750       0.00000000000000000002
2.485408       0.00000000000000000002
2.486067       0.00000000000000000002
2.486725       0.00000000000000000002
2.487383       0.00000000000000000002
2.488041       0.00000000000000000002
2.488699       0.00000000000000000002
2.489358       0.00000000000000000002
2.490016       0.00000000000000000002
2.490674       0.00000000000000000002
2.491332       0.00000000000000000002
2.491990       0.00000000000000000002
2.492649       0.00000000000000000002
2.493307       0.00000000000000000002
2.493965       0.00000000000000000002
2.494623       0.00000000000000000002
2.495282       0.00000000000000000002
2.495940       0.00000000000000000002
2.496598       0.00000000000000000002
2.497256       0.00000000000000000002
2.497914       0.00000000000000000002
2.498573       0.00000000000000000002
2.499231       0.00000000000000000002
2.499889       0.00000000000000000002
2.500547       0.00000000000000000002
2.501205       0.00000000000000000002
2.501864       0.00000000000000000002
2.502522       0.00000000000000000002
2.503180       0.00000000000000000002
2.503838       0.00000000000000000002
2.504496       0.00000000000000000002
2.505155       0.00000000000000000002
2.505813       0.00000000000000000002
2.506471       0.00000000000000000002
2.507129       0.00000000000000000002
2.507788       0.00000000000000000002
2.508446       0.00000000000000000002
2.509104       0.00000000000000000002
2.509762       0.00000000000000000002
2.510420       0.00000000000000000002
2.511079       0.00000000000000000002
2.511737       0.00000000000000000002
2.512395       0.00000000000000000002
2.513053       0.00000000000000000002
2.513711       0.00000000000000000002
2.514370       0.00000000000000000002
2.515028       0.00000000000000000002
2.515686       0.00000000000000000002
2.516344       0.00000000000000000002
2.517003       0.00000000000000000002
2.517661       0.00000000000000000002
2.518319       0.00000000000000000002
2.518977       0.00000000000000000002
2.519635       0.00000000000000000002
2.520294       0.00000000000000000002
2.520952       0.00000000000000000002
2.521610       0.00000000000000000002
2.522268       0.00000000000000000002
2.522926       0.00000000000000000002
2.523585       0.00000000000000000002
2.524243       0.00000000000000000002
2.524901       0.00000000000000000002
2.525559       0.00000000000000000002
2.526217       0.00000000000000000002
2.526876       0.00000000000000000002
2.527534       0.00000000000000000002
2.528192       0.00000000000000000002
2.528850       0.00000000000000000002
2.529509       0.00000000000000000002
2.530167       0.00000000000000000002
2.530825       0.00000000000000000002
2.531483       0.00000000000000000002
2.532141       0.00000000000000000002
2.532800       0.00000000000000000002
2.533458       0.00000000000000000002
2.534116       0.00000000000000000002
2.534774       0.00000000000000000002
2.535432       0.00000000000000000002
2.536091       0.00000000000000000002
2.536749       0.00000000000000000002
2.537407       0.00000000000000000002
2.538065       0.00000000000000000002
2.538724       0.00000000000000000002
2.539382       0.00000000000000000002
2.540040       0.00000000000000000002
2.540698       0.00000000000000000002
2.541356       0.00000000000000000002
2.542015       0.00000000000000000002
2.542673       0.00000000000000000002
2.543331       0.00000000000000000002
2.543989       0.00000000000000000002
2.544647       0.00000000000000000002
2.545306       0.00000000000000000002
2.545964       0.00000000000000000002
2.546622       0.00000000000000000002
2.547280       0.00000000000000000002
2.547938       0.00000000000000000002
2.548597       0.00000000000000000002
2.549255       0.00000000000000000002
2.549913       0.00000000000000000002
2.550571       0.00000000000000000002
2.551230       0.00000000000000000002
2.551888       0.00000000000000000002
2.552546       0.00000000000000000002
2.553204       0.00000000000000000002
2.553862       0.00000000000000000002
2.554521       0.00000000000000000002
2.555179       0.00000000000000000002
2.555837       0.00000000000000000002
2.556495       0.00000000000000000002
2.557153       0.00000000000000000002
2.557812       0.00000000000000000002
2.558470       0.00000000000000000002
2.559128       0.00000000000000000002
2.559786       0.00000000000000000002
2.560445       0.00000000000000000002
2.561103       0.00000000000000000002
2.561761       0.00000000000000000001
2.562419       0.00000000000000000001
2.563077       0.00000000000000000001
2.563736       0.00000000000000000001
2.564394       0.00000000000000000001
2.565052       0.00000000000000000001
2.565710       0.00000000000000000001
2.566368       0.00000000000000000001
2.567027       0.00000000000000000001
2.567685       0.00000000000000000001
2.568343       0.00000000000000000001
2.569001       0.00000000000000000001
2.569659       0.00000000000000000001
2.570318       0.00000000000000000001
2.570976       0.00000000000000000001
2.571634       0.00000000000000000001
2.572292       0.00000000000000000001
2.572951       0.00000000000000000001
2.573609       0.00000000000000000001
2.574267       0.00000000000000000001
2.574925       0.00000000000000000001
2.575583       0.00000000000000000001
2.576242       0.00000000000000000001
2.576900       0.00000000000000000001
2.577558       0.00000000000000000001
2.578216       0.00000000000000000001
2.578874       0.00000000000000000001
2.579533       0.00000000000000000001
2.580191       0.00000000000000000001
2.580849       0.00000000000000000001
2.581507       0.00000000000000000001
2.582166       0.00000000000000000001
2.582824       0.00000000000000000001
2.583482       0.00000000000000000001
2.584140       0.00000000000000000001
2.584798       0.00000000000000000001
2.585457       0.00000000000000000001
2.586115       0.00000000000000000001
2.586773       0.00000000000000000001
2.587431       0.00000000000000000001
2.588089       0.00000000000000000001
2.588748       0.00000000000000000001
2.589406       0.00000000000000000001
2.590064       0.00000000000000000001
2.590722       0.00000000000000000001
2.591380       0.00000000000000000001
2.592039       0.00000000000000000001
2.592697       0.00000000000000000001
2.593355       0.00000000000000000001
2.594013       0.00000000000000000001
2.594672       0.00000000000000000001
2.595330       0.00000000000000000001
2.595988       0.00000000000000000001
2.596646       0.00000000000000000001
2.597304       0.00000000000000000001
2.597963       0.00000000000000000001
2.598621       0.00000000000000000001
2.599279       0.00000000000000000001
2.599937       0.00000000000000000001
2.600595       0.00000000000000000001
2.601254       0.00000000000000000001
2.601912       0.00000000000000000001
2.602570       0.00000000000000000001
2.603228       0.00000000000000000001
2.603887       0.00000000000000000001
2.604545       0.00000000000000000001
2.605203       0.00000000000000000001
2.605861       0.00000000000000000001
2.606519       0.00000000000000000001
2.607178       0.00000000000000000001
2.607836       0.00000000000000000001
2.608494       0.00000000000000000001
2.609152       0.00000000000000000001
2.609810       0.00000000000000000001
2.610469       0.00000000000000000001
2.611127       0.00000000000000000001
2.611785       0.00000000000000000001
2.612443       0.00000000000000000001
2.613101       0.00000000000000000001
2.613760       0.00000000000000000001
2.614418       0.00000000000000000001
2.615076       0.00000000000000000001
2.615734       0.00000000000000000001
2.616393       0.00000000000000000001
2.617051       0.00000000000000000001
2.617709       0.00000000000000000001
2.618367       0.00000000000000000001
2.619025       0.00000000000000000001
2.619684       0.00000000000000000001
2.620342       0.00000000000000000001
2.621000       0.00000000000000000001
2.621658       0.00000000000000000001
2.622316       0.00000000000000000001
2.622975       0.00000000000000000001
2.623633       0.00000000000000000001
2.624291       0.00000000000000000001
2.624949       0.00000000000000000001
2.625607       0.00000000000000000001
2.626266       0.00000000000000000001
2.626924       0.00000000000000000001
2.627582       0.00000000000000000001
2.628240       0.00000000000000000001
2.628899       0.00000000000000000001
2.629557       0.00000000000000000001
2.630215       0.00000000000000000001
2.630873       0.00000000000000000001
2.631531       0.00000000000000000001
2.632190       0.00000000000000000001
